# Time	[X1]	[X2]	[X3]	
0	0.1	0.4	0.2	
1	0.0790776	0.434417	0.183052	
2	0.0684494	0.459847	0.170462	
3	0.0623287	0.47769	0.162934	
4	0.0585394	0.489699	0.159672	
5	0.0560877	0.498012	0.159041	
6	0.0544628	0.504291	0.159691	
7	0.0533773	0.509505	0.160865	
8	0.0526573	0.514153	0.162217	
9	0.0521913	0.518486	0.163606	
10	0.0519048	0.522634	0.164979	
11	0.0517469	0.52667	0.166325	
12	0.0516817	0.530635	0.167642	
13	0.0516839	0.534555	0.168937	
14	0.0517353	0.538448	0.170214	
15	0.0518228	0.542324	0.171478	
16	0.0519368	0.546193	0.172734	
17	0.0520703	0.550059	0.173984	
18	0.0522183	0.553926	0.175232	
19	0.052377	0.557799	0.176478	
20	0.0525435	0.561679	0.177725	
21	0.052716	0.565567	0.178973	
22	0.0528929	0.569466	0.180223	
23	0.053073	0.573375	0.181476	
24	0.0532555	0.577295	0.182732	
25	0.0534399	0.581228	0.183991	
26	0.0536257	0.585173	0.185254	
27	0.0538125	0.58913	0.186521	
28	0.054	0.593101	0.187792	
29	0.0541882	0.597084	0.189067	
30	0.0543768	0.60108	0.190346	
31	0.0545658	0.605089	0.191629	
32	0.054755	0.609112	0.192916	
33	0.0549445	0.613147	0.194208	
34	0.0551341	0.617196	0.195504	
35	0.0553239	0.621258	0.196805	
36	0.0555137	0.625334	0.198109	
37	0.0557037	0.629423	0.199418	
38	0.0558937	0.633525	0.200732	
39	0.0560838	0.63764	0.202049	
40	0.056274	0.641769	0.203371	
41	0.0564642	0.645911	0.204698	
42	0.0566545	0.650066	0.206028	
43	0.0568447	0.654235	0.207363	
44	0.0570351	0.658417	0.208703	
45	0.0572254	0.662612	0.210046	
46	0.0574158	0.66682	0.211394	
47	0.0576063	0.671042	0.212747	
48	0.0577967	0.675277	0.214104	
49	0.0579872	0.679526	0.215465	
50	0.0581777	0.683787	0.21683	
51	0.0583683	0.688062	0.2182	
52	0.0585589	0.69235	0.219574	
53	0.0587495	0.696651	0.220952	
54	0.0589401	0.700966	0.222335	
55	0.0591308	0.705294	0.223722	
56	0.0593215	0.709635	0.225114	
57	0.0595122	0.71399	0.22651	
58	0.0597029	0.718357	0.22791	
59	0.0598937	0.722738	0.229314	
60	0.0600845	0.727132	0.230723	
61	0.0602753	0.731539	0.232136	
62	0.0604661	0.73596	0.233553	
63	0.060657	0.740393	0.234975	
64	0.0608479	0.74484	0.236401	
65	0.0610388	0.7493	0.237831	
66	0.0612297	0.753773	0.239266	
67	0.0614207	0.75826	0.240705	
68	0.0616117	0.762759	0.242148	
69	0.0618027	0.767272	0.243596	
70	0.0619937	0.771798	0.245048	
71	0.0621848	0.776337	0.246504	
72	0.0623758	0.780889	0.247965	
73	0.0625669	0.785455	0.24943	
74	0.0627581	0.790033	0.250899	
75	0.0629492	0.794625	0.252372	
76	0.0631404	0.79923	0.25385	
77	0.0633315	0.803848	0.255332	
78	0.0635227	0.808479	0.256819	
79	0.063714	0.813123	0.258309	
80	0.0639052	0.81778	0.259804	
81	0.0640965	0.822451	0.261304	
82	0.0642878	0.827134	0.262807	
83	0.0644791	0.831831	0.264315	
84	0.0646704	0.836541	0.265827	
85	0.0648617	0.841264	0.267344	
86	0.0650531	0.846	0.268864	
87	0.0652445	0.850749	0.270389	
88	0.0654359	0.855511	0.271919	
89	0.0656273	0.860286	0.273452	
90	0.0658187	0.865074	0.27499	
91	0.0660102	0.869875	0.276532	
92	0.0662016	0.87469	0.278079	
93	0.0663931	0.879517	0.27963	
94	0.0665846	0.884358	0.281185	
95	0.0667762	0.889211	0.282744	
96	0.0669677	0.894078	0.284308	
97	0.0671592	0.898957	0.285875	
98	0.0673508	0.90385	0.287447	
99	0.0675424	0.908755	0.289024	
100	0.067734	0.913674	0.290604	
101	0.0679256	0.918606	0.292189	
102	0.0681173	0.92355	0.293779	
103	0.0683089	0.928508	0.295372	
104	0.0685006	0.933478	0.29697	
105	0.0686923	0.938462	0.298572	
106	0.068884	0.943458	0.300178	
107	0.0690757	0.948468	0.301788	
108	0.0692674	0.95349	0.303403	
109	0.0694591	0.958526	0.305022	
110	0.0696509	0.963574	0.306645	
111	0.0698427	0.968636	0.308273	
112	0.0700344	0.97371	0.309905	
113	0.0702262	0.978797	0.311541	
114	0.0704181	0.983897	0.313181	
115	0.0706099	0.989011	0.314826	
116	0.0708017	0.994137	0.316474	
117	0.0709936	0.999276	0.318127	
118	0.0711854	1.00443	0.319785	
119	0.0713773	1.00959	0.321446	
120	0.0715692	1.01477	0.323112	
121	0.0717611	1.01996	0.324782	
122	0.071953	1.02516	0.326456	
123	0.0721449	1.03038	0.328134	
124	0.0723369	1.03561	0.329817	
125	0.0725288	1.04085	0.331504	
126	0.0727208	1.04611	0.333195	
127	0.0729127	1.05137	0.33489	
128	0.0731047	1.05666	0.33659	
129	0.0732967	1.06195	0.338294	
130	0.0734887	1.06726	0.340002	
131	0.0736807	1.07257	0.341714	
132	0.0738727	1.07791	0.34343	
133	0.0740648	1.08325	0.345151	
134	0.0742568	1.08861	0.346876	
135	0.0744489	1.09398	0.348605	
136	0.0746409	1.09936	0.350339	
137	0.074833	1.10476	0.352076	
138	0.0750251	1.11017	0.353818	
139	0.0752172	1.11559	0.355564	
140	0.0754093	1.12103	0.357314	
141	0.0756014	1.12647	0.359069	
142	0.0757935	1.13193	0.360827	
143	0.0759857	1.13741	0.36259	
144	0.0761778	1.14289	0.364357	
145	0.07637	1.14839	0.366128	
146	0.0765621	1.1539	0.367904	
147	0.0767543	1.15943	0.369683	
148	0.0769465	1.16496	0.371467	
149	0.0771386	1.17051	0.373255	
150	0.0773308	1.17608	0.375047	
151	0.077523	1.18165	0.376844	
152	0.0777152	1.18724	0.378644	
153	0.0779075	1.19284	0.380449	
154	0.0780997	1.19845	0.382258	
155	0.0782919	1.20408	0.384071	
156	0.0784842	1.20972	0.385889	
157	0.0786764	1.21537	0.38771	
158	0.0788687	1.22103	0.389536	
159	0.0790609	1.22671	0.391366	
160	0.0792532	1.2324	0.3932	
161	0.0794455	1.2381	0.395038	
162	0.0796377	1.24382	0.396881	
163	0.07983	1.24955	0.398727	
164	0.0800223	1.25529	0.400578	
165	0.0802146	1.26104	0.402433	
166	0.0804069	1.26681	0.404292	
167	0.0805992	1.27258	0.406156	
168	0.0807916	1.27838	0.408023	
169	0.0809839	1.28418	0.409895	
170	0.0811762	1.29	0.41177	
171	0.0813686	1.29583	0.41365	
172	0.0815609	1.30167	0.415535	
173	0.0817532	1.30752	0.417423	
174	0.0819456	1.31339	0.419315	
175	0.082138	1.31927	0.421212	
176	0.0823303	1.32516	0.423113	
177	0.0825227	1.33106	0.425018	
178	0.0827151	1.33698	0.426927	
179	0.0829074	1.34291	0.42884	
180	0.0830998	1.34886	0.430758	
181	0.0832922	1.35481	0.432679	
182	0.0834846	1.36078	0.434605	
183	0.083677	1.36676	0.436535	
184	0.0838694	1.37275	0.438469	
185	0.0840618	1.37876	0.440407	
186	0.0842542	1.38478	0.442349	
187	0.0844467	1.39081	0.444296	
188	0.0846391	1.39685	0.446246	
189	0.0848315	1.40291	0.448201	
190	0.0850239	1.40897	0.45016	
191	0.0852164	1.41505	0.452123	
192	0.0854088	1.42115	0.45409	
193	0.0856012	1.42725	0.456061	
194	0.0857937	1.43337	0.458036	
195	0.0859861	1.4395	0.460016	
196	0.0861786	1.44565	0.462	
197	0.086371	1.4518	0.463987	
198	0.0865635	1.45797	0.465979	
199	0.0867559	1.46415	0.467975	
200	0.0869484	1.47035	0.469975	
201	0.0871408	1.47655	0.47198	
202	0.0873333	1.48277	0.473988	
203	0.0875258	1.489	0.476001	
204	0.0877182	1.49525	0.478017	
205	0.0879107	1.5015	0.480038	
206	0.0881032	1.50777	0.482063	
207	0.0882957	1.51405	0.484092	
208	0.0884882	1.52035	0.486125	
209	0.0886806	1.52665	0.488162	
210	0.0888731	1.53297	0.490203	
211	0.0890656	1.5393	0.492249	
212	0.0892581	1.54564	0.494298	
213	0.0894506	1.552	0.496352	
214	0.0896431	1.55837	0.49841	
215	0.0898356	1.56475	0.500471	
216	0.0900281	1.57114	0.502537	
217	0.0902206	1.57755	0.504607	
218	0.0904131	1.58396	0.506682	
219	0.0906056	1.59039	0.50876	
220	0.0907981	1.59684	0.510842	
221	0.0909906	1.60329	0.512928	
222	0.0911831	1.60976	0.515019	
223	0.0913756	1.61624	0.517114	
224	0.0915681	1.62273	0.519212	
225	0.0917606	1.62924	0.521315	
226	0.0919531	1.63575	0.523422	
227	0.0921456	1.64228	0.525533	
228	0.0923382	1.64882	0.527648	
229	0.0925307	1.65538	0.529767	
230	0.0927232	1.66195	0.53189	
231	0.0929157	1.66852	0.534017	
232	0.0931082	1.67512	0.536149	
233	0.0933007	1.68172	0.538284	
234	0.0934932	1.68833	0.540424	
235	0.0936858	1.69496	0.542567	
236	0.0938783	1.7016	0.544715	
237	0.0940708	1.70826	0.546867	
238	0.0942633	1.71492	0.549023	
239	0.0944558	1.7216	0.551182	
240	0.0946483	1.72829	0.553346	
241	0.0948409	1.73499	0.555514	
242	0.0950334	1.7417	0.557686	
243	0.0952259	1.74843	0.559863	
244	0.0954184	1.75517	0.562043	
245	0.0956109	1.76192	0.564227	
246	0.0958034	1.76869	0.566415	
247	0.095996	1.77546	0.568608	
248	0.0961885	1.78225	0.570804	
249	0.096381	1.78905	0.573005	
250	0.0965735	1.79586	0.575209	
251	0.096766	1.80269	0.577418	
252	0.0969585	1.80952	0.57963	
253	0.097151	1.81637	0.581847	
254	0.0973435	1.82324	0.584068	
255	0.0975361	1.83011	0.586293	
256	0.0977286	1.837	0.588521	
257	0.0979211	1.84389	0.590754	
258	0.0981136	1.8508	0.592991	
259	0.0983061	1.85773	0.595232	
260	0.0984986	1.86466	0.597477	
261	0.0986911	1.87161	0.599726	
262	0.0988836	1.87857	0.601979	
263	0.0990761	1.88554	0.604237	
264	0.0992686	1.89252	0.606498	
265	0.0994611	1.89952	0.608763	
266	0.0996536	1.90653	0.611032	
267	0.0998461	1.91355	0.613305	
268	0.100039	1.92058	0.615583	
269	0.100231	1.92763	0.617864	
270	0.100424	1.93468	0.620149	
271	0.100616	1.94175	0.622439	
272	0.100809	1.94883	0.624732	
273	0.101001	1.95593	0.627029	
274	0.101193	1.96303	0.629331	
275	0.101386	1.97015	0.631636	
276	0.101578	1.97728	0.633946	
277	0.101771	1.98442	0.636259	
278	0.101963	1.99158	0.638577	
279	0.102156	1.99874	0.640898	
280	0.102348	2.00592	0.643224	
281	0.102541	2.01311	0.645553	
282	0.102733	2.02031	0.647887	
283	0.102926	2.02753	0.650225	
284	0.103118	2.03476	0.652566	
285	0.103311	2.042	0.654912	
286	0.103503	2.04925	0.657261	
287	0.103696	2.05651	0.659615	
288	0.103888	2.06378	0.661973	
289	0.10408	2.07107	0.664334	
290	0.104273	2.07837	0.6667	
291	0.104465	2.08568	0.669069	
292	0.104658	2.09301	0.671443	
293	0.10485	2.10034	0.673821	
294	0.105043	2.10769	0.676202	
295	0.105235	2.11505	0.678588	
296	0.105427	2.12242	0.680977	
297	0.10562	2.12981	0.683371	
298	0.105812	2.1372	0.685769	
299	0.106005	2.14461	0.68817	
300	0.106197	2.15203	0.690576	
301	0.10639	2.15946	0.692985	
302	0.106582	2.16691	0.695399	
303	0.106774	2.17436	0.697816	
304	0.106967	2.18183	0.700238	
305	0.107159	2.18931	0.702663	
306	0.107352	2.1968	0.705093	
307	0.107544	2.20431	0.707526	
308	0.107736	2.21182	0.709963	
309	0.107929	2.21935	0.712405	
310	0.108121	2.22689	0.71485	
311	0.108314	2.23444	0.7173	
312	0.108506	2.24201	0.719753	
313	0.108698	2.24959	0.72221	
314	0.108891	2.25717	0.724671	
315	0.109083	2.26477	0.727137	
316	0.109275	2.27239	0.729606	
317	0.109468	2.28001	0.732079	
318	0.10966	2.28765	0.734556	
319	0.109852	2.29529	0.737037	
320	0.110045	2.30295	0.739522	
321	0.110237	2.31063	0.742011	
322	0.110429	2.31831	0.744504	
323	0.110622	2.32601	0.747001	
324	0.110814	2.33371	0.749502	
325	0.111006	2.34143	0.752007	
326	0.111199	2.34916	0.754515	
327	0.111391	2.35691	0.757028	
328	0.111583	2.36466	0.759545	
329	0.111776	2.37243	0.762065	
330	0.111968	2.38021	0.76459	
331	0.11216	2.388	0.767119	
332	0.112353	2.3958	0.769651	
333	0.112545	2.40362	0.772188	
334	0.112737	2.41145	0.774728	
335	0.112929	2.41929	0.777272	
336	0.113122	2.42714	0.77982	
337	0.113314	2.435	0.782373	
338	0.113506	2.44287	0.784929	
339	0.113699	2.45076	0.787489	
340	0.113891	2.45866	0.790053	
341	0.114083	2.46657	0.792621	
342	0.114275	2.47449	0.795193	
343	0.114468	2.48242	0.797769	
344	0.11466	2.49037	0.800348	
345	0.114852	2.49833	0.802932	
346	0.115044	2.5063	0.80552	
347	0.115236	2.51428	0.808111	
348	0.115429	2.52227	0.810707	
349	0.115621	2.53027	0.813306	
350	0.115813	2.53829	0.815909	
351	0.116005	2.54632	0.818517	
352	0.116198	2.55436	0.821128	
353	0.11639	2.56241	0.823743	
354	0.116582	2.57048	0.826362	
355	0.116774	2.57855	0.828985	
356	0.116966	2.58664	0.831612	
357	0.117158	2.59474	0.834242	
358	0.117351	2.60285	0.836877	
359	0.117543	2.61097	0.839516	
360	0.117735	2.61911	0.842158	
361	0.117927	2.62725	0.844805	
362	0.118119	2.63541	0.847455	
363	0.118311	2.64358	0.850109	
364	0.118504	2.65176	0.852767	
365	0.118696	2.65996	0.855429	
366	0.118888	2.66816	0.858095	
367	0.11908	2.67638	0.860765	
368	0.119272	2.68461	0.863439	
369	0.119464	2.69285	0.866116	
370	0.119656	2.7011	0.868798	
371	0.119848	2.70937	0.871483	
372	0.120041	2.71764	0.874173	
373	0.120233	2.72593	0.876866	
374	0.120425	2.73423	0.879563	
375	0.120617	2.74254	0.882264	
376	0.120809	2.75086	0.884969	
377	0.121001	2.7592	0.887678	
378	0.121193	2.76754	0.890391	
379	0.121385	2.7759	0.893107	
380	0.121577	2.78427	0.895828	
381	0.121769	2.79265	0.898552	
382	0.121961	2.80105	0.901281	
383	0.122153	2.80945	0.904013	
384	0.122345	2.81787	0.906749	
385	0.122537	2.8263	0.909489	
386	0.122729	2.83474	0.912232	
387	0.122921	2.84319	0.91498	
388	0.123113	2.85165	0.917732	
389	0.123305	2.86012	0.920487	
390	0.123497	2.86861	0.923246	
391	0.123689	2.87711	0.92601	
392	0.123881	2.88562	0.928777	
393	0.124073	2.89414	0.931548	
394	0.124265	2.90267	0.934322	
395	0.124457	2.91122	0.937101	
396	0.124649	2.91978	0.939884	
397	0.124841	2.92834	0.94267	
398	0.125033	2.93692	0.94546	
399	0.125225	2.94551	0.948255	
400	0.125417	2.95412	0.951053	
401	0.125609	2.96273	0.953854	
402	0.125801	2.97136	0.95666	
403	0.125993	2.98	0.95947	
404	0.126185	2.98865	0.962283	
405	0.126377	2.99731	0.965101	
406	0.126568	3.00598	0.967922	
407	0.12676	3.01466	0.970747	
408	0.126952	3.02336	0.973576	
409	0.127144	3.03207	0.976409	
410	0.127336	3.04079	0.979245	
411	0.127528	3.04952	0.982086	
412	0.12772	3.05826	0.98493	
413	0.127912	3.06701	0.987778	
414	0.128103	3.07578	0.99063	
415	0.128295	3.08455	0.993486	
416	0.128487	3.09334	0.996346	
417	0.128679	3.10214	0.999209	
418	0.128871	3.11096	1.00208	
419	0.129063	3.11978	1.00495	
420	0.129254	3.12861	1.00782	
421	0.129446	3.13746	1.0107	
422	0.129638	3.14632	1.01358	
423	0.12983	3.15519	1.01647	
424	0.130022	3.16407	1.01936	
425	0.130213	3.17296	1.02226	
426	0.130405	3.18186	1.02515	
427	0.130597	3.19078	1.02806	
428	0.130789	3.19971	1.03096	
429	0.13098	3.20865	1.03387	
430	0.131172	3.2176	1.03678	
431	0.131364	3.22656	1.0397	
432	0.131556	3.23553	1.04262	
433	0.131747	3.24451	1.04555	
434	0.131939	3.25351	1.04848	
435	0.132131	3.26252	1.05141	
436	0.132322	3.27154	1.05435	
437	0.132514	3.28057	1.05729	
438	0.132706	3.28961	1.06023	
439	0.132898	3.29866	1.06318	
440	0.133089	3.30773	1.06613	
441	0.133281	3.31681	1.06908	
442	0.133473	3.32589	1.07204	
443	0.133664	3.33499	1.07501	
444	0.133856	3.3441	1.07797	
445	0.134047	3.35323	1.08095	
446	0.134239	3.36236	1.08392	
447	0.134431	3.3715	1.0869	
448	0.134622	3.38066	1.08988	
449	0.134814	3.38983	1.09287	
450	0.135006	3.39901	1.09586	
451	0.135197	3.4082	1.09885	
452	0.135389	3.4174	1.10185	
453	0.13558	3.42662	1.10485	
454	0.135772	3.43584	1.10785	
455	0.135964	3.44508	1.11086	
456	0.136155	3.45433	1.11387	
457	0.136347	3.46359	1.11689	
458	0.136538	3.47286	1.11991	
459	0.13673	3.48214	1.12294	
460	0.136921	3.49143	1.12596	
461	0.137113	3.50074	1.129	
462	0.137304	3.51006	1.13203	
463	0.137496	3.51938	1.13507	
464	0.137687	3.52872	1.13811	
465	0.137879	3.53807	1.14116	
466	0.13807	3.54744	1.14421	
467	0.138262	3.55681	1.14726	
468	0.138453	3.56619	1.15032	
469	0.138645	3.57559	1.15338	
470	0.138836	3.585	1.15645	
471	0.139028	3.59442	1.15952	
472	0.139219	3.60385	1.16259	
473	0.139411	3.61329	1.16567	
474	0.139602	3.62274	1.16875	
475	0.139793	3.63221	1.17184	
476	0.139985	3.64168	1.17492	
477	0.140176	3.65117	1.17802	
478	0.140368	3.66067	1.18111	
479	0.140559	3.67018	1.18421	
480	0.14075	3.6797	1.18732	
481	0.140942	3.68923	1.19042	
482	0.141133	3.69878	1.19353	
483	0.141325	3.70833	1.19665	
484	0.141516	3.7179	1.19977	
485	0.141707	3.72748	1.20289	
486	0.141899	3.73706	1.20602	
487	0.14209	3.74667	1.20915	
488	0.142281	3.75628	1.21228	
489	0.142473	3.7659	1.21542	
490	0.142664	3.77553	1.21856	
491	0.142855	3.78518	1.2217	
492	0.143046	3.79484	1.22485	
493	0.143238	3.8045	1.228	
494	0.143429	3.81418	1.23116	
495	0.14362	3.82388	1.23432	
496	0.143812	3.83358	1.23749	
497	0.144003	3.84329	1.24065	
498	0.144194	3.85301	1.24382	
499	0.144385	3.86275	1.247	
500	0.144577	3.8725	1.25018	
501	0.144768	3.88226	1.25336	
502	0.144959	3.89203	1.25655	
503	0.14515	3.90181	1.25974	
504	0.145341	3.9116	1.26293	
505	0.145533	3.9214	1.26613	
506	0.145724	3.93122	1.26933	
507	0.145915	3.94104	1.27253	
508	0.146106	3.95088	1.27574	
509	0.146297	3.96073	1.27896	
510	0.146489	3.97059	1.28217	
511	0.14668	3.98046	1.28539	
512	0.146871	3.99034	1.28862	
513	0.147062	4.00023	1.29184	
514	0.147253	4.01014	1.29508	
515	0.147444	4.02005	1.29831	
516	0.147635	4.02998	1.30155	
517	0.147826	4.03992	1.30479	
518	0.148018	4.04987	1.30804	
519	0.148209	4.05983	1.31129	
520	0.1484	4.0698	1.31454	
521	0.148591	4.07978	1.3178	
522	0.148782	4.08978	1.32106	
523	0.148973	4.09978	1.32432	
524	0.149164	4.1098	1.32759	
525	0.149355	4.11983	1.33087	
526	0.149546	4.12986	1.33414	
527	0.149737	4.13991	1.33742	
528	0.149928	4.14998	1.34071	
529	0.150119	4.16005	1.34399	
530	0.15031	4.17013	1.34728	
531	0.150501	4.18023	1.35058	
532	0.150692	4.19033	1.35388	
533	0.150883	4.20045	1.35718	
534	0.151074	4.21058	1.36048	
535	0.151265	4.22072	1.36379	
536	0.151456	4.23087	1.36711	
537	0.151647	4.24103	1.37042	
538	0.151838	4.2512	1.37375	
539	0.152029	4.26138	1.37707	
540	0.15222	4.27158	1.3804	
541	0.152411	4.28178	1.38373	
542	0.152602	4.292	1.38707	
543	0.152792	4.30223	1.3904	
544	0.152983	4.31247	1.39375	
545	0.153174	4.32272	1.39709	
546	0.153365	4.33298	1.40044	
547	0.153556	4.34325	1.4038	
548	0.153747	4.35354	1.40716	
549	0.153938	4.36383	1.41052	
550	0.154128	4.37414	1.41388	
551	0.154319	4.38446	1.41725	
552	0.15451	4.39478	1.42062	
553	0.154701	4.40512	1.424	
554	0.154892	4.41547	1.42738	
555	0.155083	4.42583	1.43076	
556	0.155273	4.43621	1.43415	
557	0.155464	4.44659	1.43754	
558	0.155655	4.45698	1.44094	
559	0.155846	4.46739	1.44434	
560	0.156036	4.47781	1.44774	
561	0.156227	4.48824	1.45114	
562	0.156418	4.49867	1.45455	
563	0.156609	4.50912	1.45797	
564	0.156799	4.51958	1.46138	
565	0.15699	4.53006	1.46481	
566	0.157181	4.54054	1.46823	
567	0.157372	4.55103	1.47166	
568	0.157562	4.56154	1.47509	
569	0.157753	4.57206	1.47852	
570	0.157944	4.58258	1.48196	
571	0.158134	4.59312	1.48541	
572	0.158325	4.60367	1.48885	
573	0.158516	4.61423	1.4923	
574	0.158706	4.6248	1.49576	
575	0.158897	4.63538	1.49921	
576	0.159088	4.64598	1.50268	
577	0.159278	4.65658	1.50614	
578	0.159469	4.6672	1.50961	
579	0.159659	4.67782	1.51308	
580	0.15985	4.68846	1.51656	
581	0.160041	4.69911	1.52004	
582	0.160231	4.70977	1.52352	
583	0.160422	4.72044	1.52701	
584	0.160612	4.73112	1.5305	
585	0.160803	4.74181	1.53399	
586	0.160993	4.75251	1.53749	
587	0.161184	4.76323	1.54099	
588	0.161374	4.77395	1.5445	
589	0.161565	4.78469	1.548	
590	0.161755	4.79544	1.55152	
591	0.161946	4.8062	1.55503	
592	0.162136	4.81696	1.55855	
593	0.162327	4.82774	1.56208	
594	0.162517	4.83854	1.5656	
595	0.162708	4.84934	1.56913	
596	0.162898	4.86015	1.57267	
597	0.163089	4.87097	1.57621	
598	0.163279	4.88181	1.57975	
599	0.16347	4.89265	1.58329	
600	0.16366	4.90351	1.58684	
601	0.163851	4.91438	1.5904	
602	0.164041	4.92526	1.59395	
603	0.164231	4.93615	1.59751	
604	0.164422	4.94705	1.60108	
605	0.164612	4.95796	1.60464	
606	0.164803	4.96888	1.60822	
607	0.164993	4.97981	1.61179	
608	0.165183	4.99076	1.61537	
609	0.165374	5.00171	1.61895	
610	0.165564	5.01268	1.62254	
611	0.165754	5.02365	1.62613	
612	0.165945	5.03464	1.62972	
613	0.166135	5.04564	1.63331	
614	0.166325	5.05665	1.63691	
615	0.166516	5.06767	1.64052	
616	0.166706	5.0787	1.64413	
617	0.166896	5.08974	1.64774	
618	0.167086	5.1008	1.65135	
619	0.167277	5.11186	1.65497	
620	0.167467	5.12294	1.65859	
621	0.167657	5.13402	1.66222	
622	0.167847	5.14512	1.66585	
623	0.168038	5.15622	1.66948	
624	0.168228	5.16734	1.67312	
625	0.168418	5.17847	1.67676	
626	0.168608	5.18961	1.6804	
627	0.168799	5.20076	1.68405	
628	0.168989	5.21192	1.6877	
629	0.169179	5.2231	1.69135	
630	0.169369	5.23428	1.69501	
631	0.169559	5.24547	1.69867	
632	0.169749	5.25668	1.70234	
633	0.16994	5.26789	1.70601	
634	0.17013	5.27912	1.70968	
635	0.17032	5.29036	1.71336	
636	0.17051	5.30161	1.71704	
637	0.1707	5.31287	1.72072	
638	0.17089	5.32414	1.72441	
639	0.17108	5.33542	1.7281	
640	0.17127	5.34671	1.73179	
641	0.17146	5.35801	1.73549	
642	0.17165	5.36932	1.73919	
643	0.171841	5.38065	1.7429	
644	0.172031	5.39198	1.74661	
645	0.172221	5.40333	1.75032	
646	0.172411	5.41468	1.75404	
647	0.172601	5.42605	1.75776	
648	0.172791	5.43743	1.76148	
649	0.172981	5.44882	1.76521	
650	0.173171	5.46022	1.76894	
651	0.173361	5.47163	1.77267	
652	0.173551	5.48305	1.77641	
653	0.173741	5.49448	1.78015	
654	0.173931	5.50592	1.7839	
655	0.174121	5.51738	1.78765	
656	0.174311	5.52884	1.7914	
657	0.174501	5.54032	1.79515	
658	0.17469	5.5518	1.79891	
659	0.17488	5.5633	1.80268	
660	0.17507	5.57481	1.80644	
661	0.17526	5.58632	1.81021	
662	0.17545	5.59785	1.81399	
663	0.17564	5.60939	1.81776	
664	0.17583	5.62094	1.82155	
665	0.17602	5.6325	1.82533	
666	0.17621	5.64408	1.82912	
667	0.1764	5.65566	1.83291	
668	0.176589	5.66725	1.83671	
669	0.176779	5.67886	1.84051	
670	0.176969	5.69047	1.84431	
671	0.177159	5.7021	1.84811	
672	0.177349	5.71373	1.85192	
673	0.177538	5.72538	1.85574	
674	0.177728	5.73704	1.85955	
675	0.177918	5.7487	1.86337	
676	0.178108	5.76038	1.8672	
677	0.178298	5.77207	1.87103	
678	0.178487	5.78377	1.87486	
679	0.178677	5.79548	1.87869	
680	0.178867	5.80721	1.88253	
681	0.179057	5.81894	1.88637	
682	0.179246	5.83068	1.89022	
683	0.179436	5.84244	1.89407	
684	0.179626	5.8542	1.89792	
685	0.179815	5.86597	1.90178	
686	0.180005	5.87776	1.90564	
687	0.180195	5.88956	1.9095	
688	0.180384	5.90136	1.91337	
689	0.180574	5.91318	1.91724	
690	0.180764	5.92501	1.92111	
691	0.180953	5.93685	1.92499	
692	0.181143	5.9487	1.92887	
693	0.181333	5.96056	1.93276	
694	0.181522	5.97243	1.93665	
695	0.181712	5.98431	1.94054	
696	0.181902	5.99621	1.94443	
697	0.182091	6.00811	1.94833	
698	0.182281	6.02002	1.95223	
699	0.18247	6.03195	1.95614	
700	0.18266	6.04388	1.96005	
701	0.182849	6.05583	1.96396	
702	0.183039	6.06779	1.96788	
703	0.183229	6.07975	1.9718	
704	0.183418	6.09173	1.97573	
705	0.183608	6.10372	1.97965	
706	0.183797	6.11572	1.98359	
707	0.183987	6.12773	1.98752	
708	0.184176	6.13975	1.99146	
709	0.184366	6.15178	1.9954	
710	0.184555	6.16382	1.99935	
711	0.184745	6.17587	2.0033	
712	0.184934	6.18793	2.00725	
713	0.185123	6.20001	2.0112	
714	0.185313	6.21209	2.01516	
715	0.185502	6.22419	2.01913	
716	0.185692	6.23629	2.02309	
717	0.185881	6.24841	2.02706	
718	0.186071	6.26053	2.03104	
719	0.18626	6.27267	2.03502	
720	0.186449	6.28482	2.039	
721	0.186639	6.29697	2.04298	
722	0.186828	6.30914	2.04697	
723	0.187018	6.32132	2.05096	
724	0.187207	6.33351	2.05496	
725	0.187396	6.34571	2.05895	
726	0.187586	6.35792	2.06296	
727	0.187775	6.37014	2.06696	
728	0.187964	6.38238	2.07097	
729	0.188154	6.39462	2.07498	
730	0.188343	6.40687	2.079	
731	0.188532	6.41914	2.08302	
732	0.188721	6.43141	2.08704	
733	0.188911	6.44369	2.09107	
734	0.1891	6.45599	2.0951	
735	0.189289	6.4683	2.09914	
736	0.189479	6.48061	2.10317	
737	0.189668	6.49294	2.10722	
738	0.189857	6.50528	2.11126	
739	0.190046	6.51762	2.11531	
740	0.190235	6.52998	2.11936	
741	0.190425	6.54235	2.12342	
742	0.190614	6.55473	2.12747	
743	0.190803	6.56712	2.13154	
744	0.190992	6.57952	2.1356	
745	0.191181	6.59193	2.13967	
746	0.191371	6.60436	2.14374	
747	0.19156	6.61679	2.14782	
748	0.191749	6.62923	2.1519	
749	0.191938	6.64168	2.15598	
750	0.192127	6.65415	2.16007	
751	0.192316	6.66662	2.16416	
752	0.192505	6.67911	2.16826	
753	0.192694	6.6916	2.17235	
754	0.192884	6.70411	2.17645	
755	0.193073	6.71662	2.18056	
756	0.193262	6.72915	2.18467	
757	0.193451	6.74169	2.18878	
758	0.19364	6.75423	2.19289	
759	0.193829	6.76679	2.19701	
760	0.194018	6.77936	2.20114	
761	0.194207	6.79194	2.20526	
762	0.194396	6.80453	2.20939	
763	0.194585	6.81713	2.21352	
764	0.194774	6.82974	2.21766	
765	0.194963	6.84236	2.2218	
766	0.195152	6.85499	2.22594	
767	0.195341	6.86763	2.23009	
768	0.19553	6.88029	2.23424	
769	0.195719	6.89295	2.23839	
770	0.195908	6.90562	2.24255	
771	0.196097	6.91831	2.24671	
772	0.196286	6.931	2.25088	
773	0.196475	6.94371	2.25504	
774	0.196664	6.95642	2.25921	
775	0.196853	6.96915	2.26339	
776	0.197041	6.98188	2.26757	
777	0.19723	6.99463	2.27175	
778	0.197419	7.00739	2.27593	
779	0.197608	7.02015	2.28012	
780	0.197797	7.03293	2.28432	
781	0.197986	7.04572	2.28851	
782	0.198175	7.05852	2.29271	
783	0.198364	7.07133	2.29691	
784	0.198552	7.08414	2.30112	
785	0.198741	7.09697	2.30533	
786	0.19893	7.10981	2.30954	
787	0.199119	7.12267	2.31376	
788	0.199308	7.13553	2.31798	
789	0.199496	7.1484	2.3222	
790	0.199685	7.16128	2.32643	
791	0.199874	7.17417	2.33066	
792	0.200063	7.18707	2.3349	
793	0.200251	7.19999	2.33913	
794	0.20044	7.21291	2.34337	
795	0.200629	7.22584	2.34762	
796	0.200818	7.23879	2.35187	
797	0.201006	7.25174	2.35612	
798	0.201195	7.26471	2.36037	
799	0.201384	7.27768	2.36463	
800	0.201572	7.29067	2.36889	
801	0.201761	7.30366	2.37316	
802	0.20195	7.31667	2.37743	
803	0.202138	7.32969	2.3817	
804	0.202327	7.34271	2.38598	
805	0.202516	7.35575	2.39026	
806	0.202704	7.3688	2.39454	
807	0.202893	7.38186	2.39883	
808	0.203082	7.39493	2.40312	
809	0.20327	7.408	2.40741	
810	0.203459	7.42109	2.41171	
811	0.203647	7.43419	2.41601	
812	0.203836	7.4473	2.42031	
813	0.204025	7.46042	2.42462	
814	0.204213	7.47355	2.42893	
815	0.204402	7.4867	2.43324	
816	0.20459	7.49985	2.43756	
817	0.204779	7.51301	2.44188	
818	0.204967	7.52618	2.44621	
819	0.205156	7.53936	2.45053	
820	0.205344	7.55255	2.45487	
821	0.205533	7.56576	2.4592	
822	0.205721	7.57897	2.46354	
823	0.20591	7.59219	2.46788	
824	0.206098	7.60543	2.47223	
825	0.206287	7.61867	2.47657	
826	0.206475	7.63193	2.48093	
827	0.206664	7.64519	2.48528	
828	0.206852	7.65847	2.48964	
829	0.207041	7.67175	2.494	
830	0.207229	7.68505	2.49837	
831	0.207417	7.69835	2.50274	
832	0.207606	7.71167	2.50711	
833	0.207794	7.725	2.51149	
834	0.207983	7.73833	2.51587	
835	0.208171	7.75168	2.52025	
836	0.208359	7.76504	2.52464	
837	0.208548	7.77841	2.52903	
838	0.208736	7.79178	2.53342	
839	0.208924	7.80517	2.53782	
840	0.209113	7.81857	2.54222	
841	0.209301	7.83198	2.54663	
842	0.209489	7.8454	2.55103	
843	0.209678	7.85883	2.55544	
844	0.209866	7.87227	2.55986	
845	0.210054	7.88572	2.56428	
846	0.210243	7.89918	2.5687	
847	0.210431	7.91265	2.57312	
848	0.210619	7.92613	2.57755	
849	0.210807	7.93962	2.58198	
850	0.210996	7.95312	2.58642	
851	0.211184	7.96663	2.59086	
852	0.211372	7.98015	2.5953	
853	0.21156	7.99369	2.59974	
854	0.211749	8.00723	2.60419	
855	0.211937	8.02078	2.60865	
856	0.212125	8.03434	2.6131	
857	0.212313	8.04792	2.61756	
858	0.212501	8.0615	2.62202	
859	0.21269	8.07509	2.62649	
860	0.212878	8.0887	2.63096	
861	0.213066	8.10231	2.63543	
862	0.213254	8.11593	2.63991	
863	0.213442	8.12957	2.64439	
864	0.21363	8.14321	2.64887	
865	0.213818	8.15687	2.65336	
866	0.214006	8.17053	2.65785	
867	0.214195	8.18421	2.66234	
868	0.214383	8.19789	2.66684	
869	0.214571	8.21159	2.67134	
870	0.214759	8.22529	2.67584	
871	0.214947	8.23901	2.68035	
872	0.215135	8.25273	2.68486	
873	0.215323	8.26647	2.68937	
874	0.215511	8.28022	2.69389	
875	0.215699	8.29397	2.69841	
876	0.215887	8.30774	2.70294	
877	0.216075	8.32152	2.70747	
878	0.216263	8.3353	2.712	
879	0.216451	8.3491	2.71653	
880	0.216639	8.36291	2.72107	
881	0.216827	8.37673	2.72561	
882	0.217015	8.39055	2.73016	
883	0.217203	8.40439	2.7347	
884	0.217391	8.41824	2.73926	
885	0.217579	8.4321	2.74381	
886	0.217767	8.44597	2.74837	
887	0.217955	8.45985	2.75293	
888	0.218143	8.47374	2.7575	
889	0.218331	8.48763	2.76207	
890	0.218518	8.50154	2.76664	
891	0.218706	8.51546	2.77121	
892	0.218894	8.52939	2.77579	
893	0.219082	8.54333	2.78037	
894	0.21927	8.55728	2.78496	
895	0.219458	8.57124	2.78955	
896	0.219646	8.58521	2.79414	
897	0.219834	8.59919	2.79874	
898	0.220021	8.61318	2.80334	
899	0.220209	8.62718	2.80794	
900	0.220397	8.64119	2.81255	
901	0.220585	8.65521	2.81716	
902	0.220773	8.66925	2.82177	
903	0.22096	8.68329	2.82639	
904	0.221148	8.69734	2.83101	
905	0.221336	8.7114	2.83563	
906	0.221524	8.72547	2.84026	
907	0.221711	8.73955	2.84489	
908	0.221899	8.75364	2.84952	
909	0.222087	8.76775	2.85416	
910	0.222275	8.78186	2.8588	
911	0.222462	8.79598	2.86344	
912	0.22265	8.81011	2.86809	
913	0.222838	8.82425	2.87274	
914	0.223025	8.83841	2.87739	
915	0.223213	8.85257	2.88205	
916	0.223401	8.86674	2.88671	
917	0.223588	8.88092	2.89137	
918	0.223776	8.89512	2.89604	
919	0.223964	8.90932	2.90071	
920	0.224151	8.92353	2.90539	
921	0.224339	8.93775	2.91007	
922	0.224527	8.95199	2.91475	
923	0.224714	8.96623	2.91943	
924	0.224902	8.98048	2.92412	
925	0.225089	8.99475	2.92881	
926	0.225277	9.00902	2.9335	
927	0.225465	9.0233	2.9382	
928	0.225652	9.0376	2.9429	
929	0.22584	9.0519	2.94761	
930	0.226027	9.06621	2.95232	
931	0.226215	9.08054	2.95703	
932	0.226402	9.09487	2.96174	
933	0.22659	9.10921	2.96646	
934	0.226777	9.12357	2.97118	
935	0.226965	9.13793	2.97591	
936	0.227152	9.1523	2.98064	
937	0.22734	9.16669	2.98537	
938	0.227527	9.18108	2.9901	
939	0.227715	9.19549	2.99484	
940	0.227902	9.2099	2.99958	
941	0.22809	9.22432	3.00433	
942	0.228277	9.23876	3.00908	
943	0.228465	9.2532	3.01383	
944	0.228652	9.26766	3.01859	
945	0.228839	9.28212	3.02334	
946	0.229027	9.2966	3.02811	
947	0.229214	9.31108	3.03287	
948	0.229402	9.32557	3.03764	
949	0.229589	9.34008	3.04241	
950	0.229776	9.35459	3.04719	
951	0.229964	9.36912	3.05197	
952	0.230151	9.38365	3.05675	
953	0.230338	9.3982	3.06154	
954	0.230526	9.41275	3.06633	
955	0.230713	9.42731	3.07112	
956	0.2309	9.44189	3.07591	
957	0.231088	9.45647	3.08071	
958	0.231275	9.47107	3.08552	
959	0.231462	9.48567	3.09032	
960	0.23165	9.50029	3.09513	
961	0.231837	9.51491	3.09994	
962	0.232024	9.52954	3.10476	
963	0.232211	9.54419	3.10958	
964	0.232399	9.55884	3.1144	
965	0.232586	9.57351	3.11923	
966	0.232773	9.58818	3.12406	
967	0.23296	9.60287	3.12889	
968	0.233148	9.61756	3.13373	
969	0.233335	9.63226	3.13857	
970	0.233522	9.64698	3.14341	
971	0.233709	9.6617	3.14826	
972	0.233896	9.67644	3.15311	
973	0.234084	9.69118	3.15796	
974	0.234271	9.70593	3.16281	
975	0.234458	9.7207	3.16767	
976	0.234645	9.73547	3.17254	
977	0.234832	9.75026	3.1774	
978	0.235019	9.76505	3.18227	
979	0.235206	9.77985	3.18715	
980	0.235394	9.79467	3.19202	
981	0.235581	9.80949	3.1969	
982	0.235768	9.82433	3.20179	
983	0.235955	9.83917	3.20667	
984	0.236142	9.85402	3.21156	
985	0.236329	9.86889	3.21646	
986	0.236516	9.88376	3.22135	
987	0.236703	9.89864	3.22625	
988	0.23689	9.91354	3.23116	
989	0.237077	9.92844	3.23606	
990	0.237264	9.94335	3.24097	
991	0.237451	9.95828	3.24589	
992	0.237638	9.97321	3.2508	
993	0.237825	9.98815	3.25572	
994	0.238012	10.0031	3.26064	
995	0.238199	10.0181	3.26557	
996	0.238386	10.033	3.2705	
997	0.238573	10.048	3.27543	
998	0.23876	10.063	3.28037	
999	0.238947	10.078	3.28531	
1000	0.239134	10.093	3.29025	
1001	0.239321	10.1081	3.2952	
1002	0.239508	10.1231	3.30015	
1003	0.239695	10.1381	3.3051	
1004	0.239882	10.1532	3.31006	
1005	0.240069	10.1682	3.31502	
1006	0.240256	10.1833	3.31998	
1007	0.240442	10.1984	3.32495	
1008	0.240629	10.2135	3.32992	
1009	0.240816	10.2286	3.33489	
1010	0.241003	10.2437	3.33987	
1011	0.24119	10.2588	3.34485	
1012	0.241377	10.274	3.34983	
1013	0.241564	10.2891	3.35482	
1014	0.24175	10.3042	3.35981	
1015	0.241937	10.3194	3.3648	
1016	0.242124	10.3346	3.3698	
1017	0.242311	10.3498	3.3748	
1018	0.242498	10.3649	3.3798	
1019	0.242684	10.3801	3.38481	
1020	0.242871	10.3954	3.38982	
1021	0.243058	10.4106	3.39483	
1022	0.243245	10.4258	3.39985	
1023	0.243431	10.441	3.40487	
1024	0.243618	10.4563	3.40989	
1025	0.243805	10.4716	3.41492	
1026	0.243992	10.4868	3.41995	
1027	0.244178	10.5021	3.42498	
1028	0.244365	10.5174	3.43002	
1029	0.244552	10.5327	3.43506	
1030	0.244738	10.548	3.4401	
1031	0.244925	10.5633	3.44515	
1032	0.245112	10.5786	3.4502	
1033	0.245298	10.594	3.45525	
1034	0.245485	10.6093	3.46031	
1035	0.245672	10.6247	3.46537	
1036	0.245858	10.6401	3.47043	
1037	0.246045	10.6554	3.4755	
1038	0.246232	10.6708	3.48057	
1039	0.246418	10.6862	3.48564	
1040	0.246605	10.7016	3.49072	
1041	0.246791	10.717	3.49579	
1042	0.246978	10.7325	3.50088	
1043	0.247165	10.7479	3.50596	
1044	0.247351	10.7634	3.51105	
1045	0.247538	10.7788	3.51615	
1046	0.247724	10.7943	3.52124	
1047	0.247911	10.8098	3.52634	
1048	0.248097	10.8252	3.53144	
1049	0.248284	10.8407	3.53655	
1050	0.24847	10.8562	3.54166	
1051	0.248657	10.8718	3.54677	
1052	0.248843	10.8873	3.55189	
1053	0.24903	10.9028	3.55701	
1054	0.249216	10.9184	3.56213	
1055	0.249403	10.9339	3.56726	
1056	0.249589	10.9495	3.57238	
1057	0.249776	10.965	3.57752	
1058	0.249962	10.9806	3.58265	
1059	0.250149	10.9962	3.58779	
1060	0.250335	11.0118	3.59293	
1061	0.250521	11.0274	3.59808	
1062	0.250708	11.0431	3.60323	
1063	0.250894	11.0587	3.60838	
1064	0.251081	11.0743	3.61354	
1065	0.251267	11.09	3.61869	
1066	0.251453	11.1057	3.62386	
1067	0.25164	11.1213	3.62902	
1068	0.251826	11.137	3.63419	
1069	0.252012	11.1527	3.63936	
1070	0.252199	11.1684	3.64454	
1071	0.252385	11.1841	3.64972	
1072	0.252571	11.1998	3.6549	
1073	0.252758	11.2156	3.66008	
1074	0.252944	11.2313	3.66527	
1075	0.25313	11.247	3.67046	
1076	0.253317	11.2628	3.67566	
1077	0.253503	11.2786	3.68086	
1078	0.253689	11.2944	3.68606	
1079	0.253876	11.3101	3.69126	
1080	0.254062	11.3259	3.69647	
1081	0.254248	11.3417	3.70168	
1082	0.254434	11.3576	3.7069	
1083	0.254621	11.3734	3.71212	
1084	0.254807	11.3892	3.71734	
1085	0.254993	11.4051	3.72256	
1086	0.255179	11.4209	3.72779	
1087	0.255365	11.4368	3.73302	
1088	0.255552	11.4527	3.73825	
1089	0.255738	11.4686	3.74349	
1090	0.255924	11.4845	3.74873	
1091	0.25611	11.5004	3.75398	
1092	0.256296	11.5163	3.75922	
1093	0.256482	11.5322	3.76447	
1094	0.256669	11.5481	3.76973	
1095	0.256855	11.5641	3.77499	
1096	0.257041	11.58	3.78025	
1097	0.257227	11.596	3.78551	
1098	0.257413	11.612	3.79078	
1099	0.257599	11.628	3.79605	
1100	0.257785	11.6439	3.80132	
1101	0.257971	11.66	3.8066	
1102	0.258157	11.676	3.81188	
1103	0.258343	11.692	3.81716	
1104	0.25853	11.708	3.82245	
1105	0.258716	11.7241	3.82774	
1106	0.258902	11.7401	3.83303	
1107	0.259088	11.7562	3.83833	
1108	0.259274	11.7722	3.84363	
1109	0.25946	11.7883	3.84893	
1110	0.259646	11.8044	3.85424	
1111	0.259832	11.8205	3.85955	
1112	0.260018	11.8366	3.86486	
1113	0.260204	11.8527	3.87018	
1114	0.26039	11.8689	3.8755	
1115	0.260576	11.885	3.88082	
1116	0.260762	11.9012	3.88614	
1117	0.260948	11.9173	3.89147	
1118	0.261133	11.9335	3.89681	
1119	0.261319	11.9497	3.90214	
1120	0.261505	11.9658	3.90748	
1121	0.261691	11.982	3.91282	
1122	0.261877	11.9982	3.91817	
1123	0.262063	12.0145	3.92352	
1124	0.262249	12.0307	3.92887	
1125	0.262435	12.0469	3.93422	
1126	0.262621	12.0632	3.93958	
1127	0.262807	12.0794	3.94494	
1128	0.262992	12.0957	3.95031	
1129	0.263178	12.112	3.95568	
1130	0.263364	12.1282	3.96105	
1131	0.26355	12.1445	3.96642	
1132	0.263736	12.1608	3.9718	
1133	0.263922	12.1771	3.97718	
1134	0.264107	12.1935	3.98257	
1135	0.264293	12.2098	3.98796	
1136	0.264479	12.2261	3.99335	
1137	0.264665	12.2425	3.99874	
1138	0.264851	12.2588	4.00414	
1139	0.265036	12.2752	4.00954	
1140	0.265222	12.2916	4.01494	
1141	0.265408	12.308	4.02035	
1142	0.265594	12.3244	4.02576	
1143	0.265779	12.3408	4.03118	
1144	0.265965	12.3572	4.03659	
1145	0.266151	12.3736	4.04201	
1146	0.266336	12.3901	4.04744	
1147	0.266522	12.4065	4.05286	
1148	0.266708	12.423	4.05829	
1149	0.266894	12.4394	4.06373	
1150	0.267079	12.4559	4.06916	
1151	0.267265	12.4724	4.0746	
1152	0.26745	12.4889	4.08005	
1153	0.267636	12.5054	4.08549	
1154	0.267822	12.5219	4.09094	
1155	0.268007	12.5384	4.09639	
1156	0.268193	12.555	4.10185	
1157	0.268379	12.5715	4.10731	
1158	0.268564	12.5881	4.11277	
1159	0.26875	12.6046	4.11824	
1160	0.268935	12.6212	4.12371	
1161	0.269121	12.6378	4.12918	
1162	0.269307	12.6544	4.13465	
1163	0.269492	12.671	4.14013	
1164	0.269678	12.6876	4.14561	
1165	0.269863	12.7042	4.1511	
1166	0.270049	12.7208	4.15659	
1167	0.270234	12.7375	4.16208	
1168	0.27042	12.7541	4.16757	
1169	0.270605	12.7708	4.17307	
1170	0.270791	12.7874	4.17857	
1171	0.270976	12.8041	4.18408	
1172	0.271162	12.8208	4.18958	
1173	0.271347	12.8375	4.19509	
1174	0.271533	12.8542	4.20061	
1175	0.271718	12.8709	4.20613	
1176	0.271904	12.8876	4.21165	
1177	0.272089	12.9044	4.21717	
1178	0.272275	12.9211	4.2227	
1179	0.27246	12.9379	4.22823	
1180	0.272646	12.9546	4.23376	
1181	0.272831	12.9714	4.2393	
1182	0.273016	12.9882	4.24484	
1183	0.273202	13.005	4.25038	
1184	0.273387	13.0218	4.25593	
1185	0.273573	13.0386	4.26148	
1186	0.273758	13.0554	4.26703	
1187	0.273943	13.0722	4.27258	
1188	0.274129	13.0891	4.27814	
1189	0.274314	13.1059	4.28371	
1190	0.274499	13.1228	4.28927	
1191	0.274685	13.1397	4.29484	
1192	0.27487	13.1565	4.30041	
1193	0.275055	13.1734	4.30599	
1194	0.275241	13.1903	4.31157	
1195	0.275426	13.2072	4.31715	
1196	0.275611	13.2241	4.32273	
1197	0.275797	13.2411	4.32832	
1198	0.275982	13.258	4.33391	
1199	0.276167	13.2749	4.33951	
1200	0.276352	13.2919	4.34511	
1201	0.276538	13.3089	4.35071	
1202	0.276723	13.3258	4.35631	
1203	0.276908	13.3428	4.36192	
1204	0.277093	13.3598	4.36753	
1205	0.277279	13.3768	4.37314	
1206	0.277464	13.3938	4.37876	
1207	0.277649	13.4108	4.38438	
1208	0.277834	13.4279	4.39	
1209	0.278019	13.4449	4.39563	
1210	0.278205	13.462	4.40126	
1211	0.27839	13.479	4.40689	
1212	0.278575	13.4961	4.41253	
1213	0.27876	13.5132	4.41817	
1214	0.278945	13.5302	4.42381	
1215	0.27913	13.5473	4.42946	
1216	0.279315	13.5644	4.43511	
1217	0.279501	13.5816	4.44076	
1218	0.279686	13.5987	4.44641	
1219	0.279871	13.6158	4.45207	
1220	0.280056	13.633	4.45773	
1221	0.280241	13.6501	4.4634	
1222	0.280426	13.6673	4.46907	
1223	0.280611	13.6844	4.47474	
1224	0.280796	13.7016	4.48041	
1225	0.280981	13.7188	4.48609	
1226	0.281166	13.736	4.49177	
1227	0.281351	13.7532	4.49746	
1228	0.281536	13.7704	4.50315	
1229	0.281721	13.7877	4.50884	
1230	0.281906	13.8049	4.51453	
1231	0.282091	13.8222	4.52023	
1232	0.282276	13.8394	4.52593	
1233	0.282461	13.8567	4.53163	
1234	0.282646	13.874	4.53734	
1235	0.282831	13.8912	4.54305	
1236	0.283016	13.9085	4.54876	
1237	0.283201	13.9258	4.55448	
1238	0.283386	13.9432	4.5602	
1239	0.283571	13.9605	4.56592	
1240	0.283756	13.9778	4.57164	
1241	0.283941	13.9952	4.57737	
1242	0.284126	14.0125	4.58311	
1243	0.284311	14.0299	4.58884	
1244	0.284496	14.0472	4.59458	
1245	0.284681	14.0646	4.60032	
1246	0.284866	14.082	4.60607	
1247	0.28505	14.0994	4.61181	
1248	0.285235	14.1168	4.61757	
1249	0.28542	14.1342	4.62332	
1250	0.285605	14.1517	4.62908	
1251	0.28579	14.1691	4.63484	
1252	0.285975	14.1865	4.6406	
1253	0.28616	14.204	4.64637	
1254	0.286344	14.2215	4.65214	
1255	0.286529	14.2389	4.65791	
1256	0.286714	14.2564	4.66369	
1257	0.286899	14.2739	4.66947	
1258	0.287084	14.2914	4.67525	
1259	0.287268	14.3089	4.68104	
1260	0.287453	14.3264	4.68683	
1261	0.287638	14.344	4.69262	
1262	0.287823	14.3615	4.69842	
1263	0.288007	14.3791	4.70422	
1264	0.288192	14.3966	4.71002	
1265	0.288377	14.4142	4.71582	
1266	0.288562	14.4318	4.72163	
1267	0.288746	14.4493	4.72744	
1268	0.288931	14.4669	4.73326	
1269	0.289116	14.4846	4.73908	
1270	0.289301	14.5022	4.7449	
1271	0.289485	14.5198	4.75072	
1272	0.28967	14.5374	4.75655	
1273	0.289855	14.5551	4.76238	
1274	0.290039	14.5727	4.76822	
1275	0.290224	14.5904	4.77405	
1276	0.290408	14.6081	4.77989	
1277	0.290593	14.6257	4.78574	
1278	0.290778	14.6434	4.79158	
1279	0.290962	14.6611	4.79743	
1280	0.291147	14.6788	4.80329	
1281	0.291332	14.6965	4.80914	
1282	0.291516	14.7143	4.815	
1283	0.291701	14.732	4.82086	
1284	0.291885	14.7498	4.82673	
1285	0.29207	14.7675	4.8326	
1286	0.292255	14.7853	4.83847	
1287	0.292439	14.8031	4.84434	
1288	0.292624	14.8208	4.85022	
1289	0.292808	14.8386	4.8561	
1290	0.292993	14.8564	4.86199	
1291	0.293177	14.8742	4.86788	
1292	0.293362	14.8921	4.87377	
1293	0.293546	14.9099	4.87966	
1294	0.293731	14.9277	4.88556	
1295	0.293915	14.9456	4.89146	
1296	0.2941	14.9634	4.89736	
1297	0.294284	14.9813	4.90327	
1298	0.294469	14.9992	4.90918	
1299	0.294653	15.0171	4.91509	
1300	0.294838	15.035	4.92101	
1301	0.295022	15.0529	4.92693	
1302	0.295206	15.0708	4.93285	
1303	0.295391	15.0887	4.93878	
1304	0.295575	15.1066	4.9447	
1305	0.29576	15.1246	4.95064	
1306	0.295944	15.1425	4.95657	
1307	0.296129	15.1605	4.96251	
1308	0.296313	15.1785	4.96845	
1309	0.296497	15.1964	4.9744	
1310	0.296682	15.2144	4.98034	
1311	0.296866	15.2324	4.98629	
1312	0.29705	15.2504	4.99225	
1313	0.297235	15.2685	4.99821	
1314	0.297419	15.2865	5.00417	
1315	0.297603	15.3045	5.01013	
1316	0.297788	15.3226	5.0161	
1317	0.297972	15.3406	5.02207	
1318	0.298156	15.3587	5.02804	
1319	0.298341	15.3768	5.03401	
1320	0.298525	15.3948	5.03999	
1321	0.298709	15.4129	5.04598	
1322	0.298894	15.431	5.05196	
1323	0.299078	15.4491	5.05795	
1324	0.299262	15.4673	5.06394	
1325	0.299446	15.4854	5.06994	
1326	0.299631	15.5035	5.07594	
1327	0.299815	15.5217	5.08194	
1328	0.299999	15.5398	5.08794	
1329	0.300183	15.558	5.09395	
1330	0.300368	15.5762	5.09996	
1331	0.300552	15.5944	5.10597	
1332	0.300736	15.6126	5.11199	
1333	0.30092	15.6308	5.11801	
1334	0.301104	15.649	5.12403	
1335	0.301289	15.6672	5.13006	
1336	0.301473	15.6854	5.13609	
1337	0.301657	15.7037	5.14212	
1338	0.301841	15.7219	5.14816	
1339	0.302025	15.7402	5.1542	
1340	0.302209	15.7584	5.16024	
1341	0.302393	15.7767	5.16628	
1342	0.302578	15.795	5.17233	
1343	0.302762	15.8133	5.17838	
1344	0.302946	15.8316	5.18444	
1345	0.30313	15.8499	5.19049	
1346	0.303314	15.8682	5.19656	
1347	0.303498	15.8866	5.20262	
1348	0.303682	15.9049	5.20869	
1349	0.303866	15.9233	5.21476	
1350	0.30405	15.9416	5.22083	
1351	0.304234	15.96	5.22691	
1352	0.304418	15.9784	5.23299	
1353	0.304602	15.9968	5.23907	
1354	0.304786	16.0152	5.24515	
1355	0.30497	16.0336	5.25124	
1356	0.305154	16.052	5.25734	
1357	0.305338	16.0704	5.26343	
1358	0.305522	16.0888	5.26953	
1359	0.305706	16.1073	5.27563	
1360	0.30589	16.1257	5.28174	
1361	0.306074	16.1442	5.28784	
1362	0.306258	16.1627	5.29395	
1363	0.306442	16.1811	5.30007	
1364	0.306626	16.1996	5.30619	
1365	0.30681	16.2181	5.31231	
1366	0.306994	16.2366	5.31843	
1367	0.307178	16.2552	5.32456	
1368	0.307362	16.2737	5.33068	
1369	0.307546	16.2922	5.33682	
1370	0.30773	16.3108	5.34295	
1371	0.307914	16.3293	5.34909	
1372	0.308098	16.3479	5.35523	
1373	0.308281	16.3665	5.36138	
1374	0.308465	16.385	5.36753	
1375	0.308649	16.4036	5.37368	
1376	0.308833	16.4222	5.37983	
1377	0.309017	16.4408	5.38599	
1378	0.309201	16.4595	5.39215	
1379	0.309385	16.4781	5.39832	
1380	0.309568	16.4967	5.40448	
1381	0.309752	16.5154	5.41065	
1382	0.309936	16.534	5.41683	
1383	0.31012	16.5527	5.423	
1384	0.310304	16.5714	5.42918	
1385	0.310487	16.5901	5.43536	
1386	0.310671	16.6087	5.44155	
1387	0.310855	16.6274	5.44774	
1388	0.311039	16.6462	5.45393	
1389	0.311222	16.6649	5.46013	
1390	0.311406	16.6836	5.46632	
1391	0.31159	16.7023	5.47253	
1392	0.311774	16.7211	5.47873	
1393	0.311957	16.7399	5.48494	
1394	0.312141	16.7586	5.49115	
1395	0.312325	16.7774	5.49736	
1396	0.312509	16.7962	5.50358	
1397	0.312692	16.815	5.5098	
1398	0.312876	16.8338	5.51602	
1399	0.31306	16.8526	5.52225	
1400	0.313243	16.8714	5.52848	
1401	0.313427	16.8902	5.53471	
1402	0.313611	16.9091	5.54094	
1403	0.313794	16.9279	5.54718	
1404	0.313978	16.9468	5.55342	
1405	0.314161	16.9656	5.55967	
1406	0.314345	16.9845	5.56592	
1407	0.314529	17.0034	5.57217	
1408	0.314712	17.0223	5.57842	
1409	0.314896	17.0412	5.58468	
1410	0.31508	17.0601	5.59094	
1411	0.315263	17.079	5.5972	
1412	0.315447	17.098	5.60347	
1413	0.31563	17.1169	5.60974	
1414	0.315814	17.1359	5.61601	
1415	0.315997	17.1548	5.62229	
1416	0.316181	17.1738	5.62856	
1417	0.316364	17.1928	5.63485	
1418	0.316548	17.2118	5.64113	
1419	0.316732	17.2307	5.64742	
1420	0.316915	17.2497	5.65371	
1421	0.317099	17.2688	5.66001	
1422	0.317282	17.2878	5.6663	
1423	0.317466	17.3068	5.6726	
1424	0.317649	17.3259	5.67891	
1425	0.317832	17.3449	5.68521	
1426	0.318016	17.364	5.69152	
1427	0.318199	17.383	5.69784	
1428	0.318383	17.4021	5.70415	
1429	0.318566	17.4212	5.71047	
1430	0.31875	17.4403	5.71679	
1431	0.318933	17.4594	5.72312	
1432	0.319117	17.4785	5.72945	
1433	0.3193	17.4976	5.73578	
1434	0.319483	17.5168	5.74211	
1435	0.319667	17.5359	5.74845	
1436	0.31985	17.5551	5.75479	
1437	0.320034	17.5742	5.76113	
1438	0.320217	17.5934	5.76748	
1439	0.3204	17.6126	5.77383	
1440	0.320584	17.6317	5.78018	
1441	0.320767	17.6509	5.78654	
1442	0.32095	17.6702	5.7929	
1443	0.321134	17.6894	5.79926	
1444	0.321317	17.7086	5.80563	
1445	0.3215	17.7278	5.81199	
1446	0.321684	17.7471	5.81837	
1447	0.321867	17.7663	5.82474	
1448	0.32205	17.7856	5.83112	
1449	0.322234	17.8048	5.8375	
1450	0.322417	17.8241	5.84388	
1451	0.3226	17.8434	5.85027	
1452	0.322784	17.8627	5.85666	
1453	0.322967	17.882	5.86305	
1454	0.32315	17.9013	5.86945	
1455	0.323333	17.9206	5.87585	
1456	0.323517	17.94	5.88225	
1457	0.3237	17.9593	5.88866	
1458	0.323883	17.9787	5.89506	
1459	0.324066	17.998	5.90148	
1460	0.324249	18.0174	5.90789	
1461	0.324433	18.0368	5.91431	
1462	0.324616	18.0562	5.92073	
1463	0.324799	18.0756	5.92715	
1464	0.324982	18.095	5.93358	
1465	0.325165	18.1144	5.94001	
1466	0.325349	18.1338	5.94644	
1467	0.325532	18.1532	5.95288	
1468	0.325715	18.1727	5.95932	
1469	0.325898	18.1921	5.96576	
1470	0.326081	18.2116	5.9722	
1471	0.326264	18.231	5.97865	
1472	0.326447	18.2505	5.9851	
1473	0.32663	18.27	5.99156	
1474	0.326814	18.2895	5.99802	
1475	0.326997	18.309	6.00448	
1476	0.32718	18.3285	6.01094	
1477	0.327363	18.348	6.01741	
1478	0.327546	18.3676	6.02388	
1479	0.327729	18.3871	6.03035	
1480	0.327912	18.4067	6.03683	
1481	0.328095	18.4262	6.04331	
1482	0.328278	18.4458	6.04979	
1483	0.328461	18.4654	6.05627	
1484	0.328644	18.485	6.06276	
1485	0.328827	18.5046	6.06925	
1486	0.32901	18.5242	6.07575	
1487	0.329193	18.5438	6.08224	
1488	0.329376	18.5634	6.08874	
1489	0.329559	18.583	6.09525	
1490	0.329742	18.6027	6.10175	
1491	0.329925	18.6223	6.10826	
1492	0.330108	18.642	6.11478	
1493	0.330291	18.6616	6.12129	
1494	0.330474	18.6813	6.12781	
1495	0.330657	18.701	6.13433	
1496	0.33084	18.7207	6.14086	
1497	0.331023	18.7404	6.14739	
1498	0.331206	18.7601	6.15392	
1499	0.331389	18.7798	6.16045	
1500	0.331572	18.7996	6.16699	
1501	0.331755	18.8193	6.17353	
1502	0.331937	18.839	6.18007	
1503	0.33212	18.8588	6.18662	
1504	0.332303	18.8786	6.19317	
1505	0.332486	18.8983	6.19972	
1506	0.332669	18.9181	6.20628	
1507	0.332852	18.9379	6.21283	
1508	0.333035	18.9577	6.2194	
1509	0.333217	18.9775	6.22596	
1510	0.3334	18.9974	6.23253	
1511	0.333583	19.0172	6.2391	
1512	0.333766	19.037	6.24567	
1513	0.333949	19.0569	6.25225	
1514	0.334132	19.0767	6.25883	
1515	0.334314	19.0966	6.26541	
1516	0.334497	19.1165	6.272	
1517	0.33468	19.1364	6.27859	
1518	0.334863	19.1562	6.28518	
1519	0.335046	19.1761	6.29177	
1520	0.335228	19.1961	6.29837	
1521	0.335411	19.216	6.30497	
1522	0.335594	19.2359	6.31158	
1523	0.335777	19.2558	6.31819	
1524	0.335959	19.2758	6.3248	
1525	0.336142	19.2957	6.33141	
1526	0.336325	19.3157	6.33803	
1527	0.336507	19.3357	6.34464	
1528	0.33669	19.3557	6.35127	
1529	0.336873	19.3757	6.35789	
1530	0.337055	19.3957	6.36452	
1531	0.337238	19.4157	6.37115	
1532	0.337421	19.4357	6.37779	
1533	0.337603	19.4557	6.38443	
1534	0.337786	19.4757	6.39107	
1535	0.337969	19.4958	6.39771	
1536	0.338151	19.5158	6.40436	
1537	0.338334	19.5359	6.41101	
1538	0.338517	19.556	6.41766	
1539	0.338699	19.5761	6.42432	
1540	0.338882	19.5962	6.43098	
1541	0.339065	19.6163	6.43764	
1542	0.339247	19.6364	6.4443	
1543	0.33943	19.6565	6.45097	
1544	0.339612	19.6766	6.45764	
1545	0.339795	19.6967	6.46432	
1546	0.339977	19.7169	6.47099	
1547	0.34016	19.737	6.47767	
1548	0.340343	19.7572	6.48436	
1549	0.340525	19.7774	6.49104	
1550	0.340708	19.7975	6.49773	
1551	0.34089	19.8177	6.50442	
1552	0.341073	19.8379	6.51112	
1553	0.341255	19.8581	6.51782	
1554	0.341438	19.8784	6.52452	
1555	0.34162	19.8986	6.53122	
1556	0.341803	19.9188	6.53793	
1557	0.341985	19.9391	6.54464	
1558	0.342168	19.9593	6.55136	
1559	0.34235	19.9796	6.55807	
1560	0.342533	19.9998	6.56479	
1561	0.342715	20.0201	6.57152	
1562	0.342898	20.0404	6.57824	
1563	0.34308	20.0607	6.58497	
1564	0.343262	20.081	6.5917	
1565	0.343445	20.1013	6.59844	
1566	0.343627	20.1216	6.60517	
1567	0.34381	20.142	6.61192	
1568	0.343992	20.1623	6.61866	
1569	0.344174	20.1827	6.62541	
1570	0.344357	20.203	6.63216	
1571	0.344539	20.2234	6.63891	
1572	0.344722	20.2438	6.64566	
1573	0.344904	20.2641	6.65242	
1574	0.345086	20.2845	6.65919	
1575	0.345269	20.3049	6.66595	
1576	0.345451	20.3253	6.67272	
1577	0.345633	20.3458	6.67949	
1578	0.345816	20.3662	6.68626	
1579	0.345998	20.3866	6.69304	
1580	0.34618	20.4071	6.69982	
1581	0.346363	20.4275	6.7066	
1582	0.346545	20.448	6.71339	
1583	0.346727	20.4685	6.72018	
1584	0.34691	20.489	6.72697	
1585	0.347092	20.5095	6.73377	
1586	0.347274	20.53	6.74057	
1587	0.347456	20.5505	6.74737	
1588	0.347639	20.571	6.75417	
1589	0.347821	20.5915	6.76098	
1590	0.348003	20.612	6.76779	
1591	0.348185	20.6326	6.7746	
1592	0.348368	20.6531	6.78142	
1593	0.34855	20.6737	6.78824	
1594	0.348732	20.6943	6.79506	
1595	0.348914	20.7149	6.80189	
1596	0.349096	20.7354	6.80871	
1597	0.349279	20.756	6.81554	
1598	0.349461	20.7767	6.82238	
1599	0.349643	20.7973	6.82922	
1600	0.349825	20.8179	6.83606	
1601	0.350007	20.8385	6.8429	
1602	0.350189	20.8592	6.84975	
1603	0.350372	20.8798	6.8566	
1604	0.350554	20.9005	6.86345	
1605	0.350736	20.9211	6.8703	
1606	0.350918	20.9418	6.87716	
1607	0.3511	20.9625	6.88402	
1608	0.351282	20.9832	6.89089	
1609	0.351464	21.0039	6.89776	
1610	0.351646	21.0246	6.90463	
1611	0.351829	21.0454	6.9115	
1612	0.352011	21.0661	6.91838	
1613	0.352193	21.0868	6.92526	
1614	0.352375	21.1076	6.93214	
1615	0.352557	21.1283	6.93902	
1616	0.352739	21.1491	6.94591	
1617	0.352921	21.1699	6.9528	
1618	0.353103	21.1907	6.9597	
1619	0.353285	21.2114	6.9666	
1620	0.353467	21.2323	6.9735	
1621	0.353649	21.2531	6.9804	
1622	0.353831	21.2739	6.98731	
1623	0.354013	21.2947	6.99422	
1624	0.354195	21.3155	7.00113	
1625	0.354377	21.3364	7.00804	
1626	0.354559	21.3572	7.01496	
1627	0.354741	21.3781	7.02188	
1628	0.354923	21.399	7.02881	
1629	0.355105	21.4199	7.03574	
1630	0.355287	21.4408	7.04267	
1631	0.355469	21.4617	7.0496	
1632	0.355651	21.4826	7.05654	
1633	0.355833	21.5035	7.06348	
1634	0.356015	21.5244	7.07042	
1635	0.356197	21.5453	7.07736	
1636	0.356379	21.5663	7.08431	
1637	0.35656	21.5872	7.09126	
1638	0.356742	21.6082	7.09822	
1639	0.356924	21.6292	7.10518	
1640	0.357106	21.6501	7.11214	
1641	0.357288	21.6711	7.1191	
1642	0.35747	21.6921	7.12607	
1643	0.357652	21.7131	7.13304	
1644	0.357834	21.7341	7.14001	
1645	0.358015	21.7552	7.14698	
1646	0.358197	21.7762	7.15396	
1647	0.358379	21.7972	7.16094	
1648	0.358561	21.8183	7.16793	
1649	0.358743	21.8394	7.17492	
1650	0.358925	21.8604	7.18191	
1651	0.359106	21.8815	7.1889	
1652	0.359288	21.9026	7.1959	
1653	0.35947	21.9237	7.2029	
1654	0.359652	21.9448	7.2099	
1655	0.359833	21.9659	7.2169	
1656	0.360015	21.987	7.22391	
1657	0.360197	22.0081	7.23092	
1658	0.360379	22.0293	7.23794	
1659	0.360561	22.0504	7.24495	
1660	0.360742	22.0716	7.25197	
1661	0.360924	22.0927	7.259	
1662	0.361106	22.1139	7.26602	
1663	0.361287	22.1351	7.27305	
1664	0.361469	22.1563	7.28008	
1665	0.361651	22.1775	7.28712	
1666	0.361833	22.1987	7.29416	
1667	0.362014	22.2199	7.3012	
1668	0.362196	22.2411	7.30824	
1669	0.362378	22.2624	7.31529	
1670	0.362559	22.2836	7.32234	
1671	0.362741	22.3049	7.32939	
1672	0.362923	22.3261	7.33645	
1673	0.363104	22.3474	7.34351	
1674	0.363286	22.3687	7.35057	
1675	0.363468	22.3899	7.35764	
1676	0.363649	22.4112	7.3647	
1677	0.363831	22.4325	7.37177	
1678	0.364012	22.4539	7.37885	
1679	0.364194	22.4752	7.38592	
1680	0.364376	22.4965	7.393	
1681	0.364557	22.5178	7.40009	
1682	0.364739	22.5392	7.40717	
1683	0.36492	22.5606	7.41426	
1684	0.365102	22.5819	7.42135	
1685	0.365283	22.6033	7.42845	
1686	0.365465	22.6247	7.43555	
1687	0.365647	22.6461	7.44265	
1688	0.365828	22.6675	7.44975	
1689	0.36601	22.6889	7.45686	
1690	0.366191	22.7103	7.46397	
1691	0.366373	22.7317	7.47108	
1692	0.366554	22.7532	7.47819	
1693	0.366736	22.7746	7.48531	
1694	0.366917	22.7961	7.49243	
1695	0.367099	22.8175	7.49956	
1696	0.36728	22.839	7.50669	
1697	0.367462	22.8605	7.51382	
1698	0.367643	22.882	7.52095	
1699	0.367825	22.9034	7.52809	
1700	0.368006	22.925	7.53522	
1701	0.368187	22.9465	7.54237	
1702	0.368369	22.968	7.54951	
1703	0.36855	22.9895	7.55666	
1704	0.368732	23.0111	7.56381	
1705	0.368913	23.0326	7.57097	
1706	0.369095	23.0542	7.57812	
1707	0.369276	23.0757	7.58528	
1708	0.369457	23.0973	7.59244	
1709	0.369639	23.1189	7.59961	
1710	0.36982	23.1405	7.60678	
1711	0.370002	23.1621	7.61395	
1712	0.370183	23.1837	7.62113	
1713	0.370364	23.2053	7.6283	
1714	0.370546	23.2269	7.63548	
1715	0.370727	23.2486	7.64267	
1716	0.370908	23.2702	7.64986	
1717	0.37109	23.2919	7.65704	
1718	0.371271	23.3135	7.66424	
1719	0.371452	23.3352	7.67143	
1720	0.371634	23.3569	7.67863	
1721	0.371815	23.3786	7.68583	
1722	0.371996	23.4003	7.69304	
1723	0.372178	23.422	7.70024	
1724	0.372359	23.4437	7.70745	
1725	0.37254	23.4654	7.71467	
1726	0.372721	23.4872	7.72188	
1727	0.372903	23.5089	7.7291	
1728	0.373084	23.5306	7.73633	
1729	0.373265	23.5524	7.74355	
1730	0.373446	23.5742	7.75078	
1731	0.373628	23.5959	7.75801	
1732	0.373809	23.6177	7.76524	
1733	0.37399	23.6395	7.77248	
1734	0.374171	23.6613	7.77972	
1735	0.374353	23.6831	7.78696	
1736	0.374534	23.705	7.79421	
1737	0.374715	23.7268	7.80146	
1738	0.374896	23.7486	7.80871	
1739	0.375077	23.7705	7.81596	
1740	0.375259	23.7923	7.82322	
1741	0.37544	23.8142	7.83048	
1742	0.375621	23.836	7.83775	
1743	0.375802	23.8579	7.84501	
1744	0.375983	23.8798	7.85228	
1745	0.376164	23.9017	7.85955	
1746	0.376345	23.9236	7.86683	
1747	0.376527	23.9455	7.87411	
1748	0.376708	23.9675	7.88139	
1749	0.376889	23.9894	7.88867	
1750	0.37707	24.0113	7.89596	
1751	0.377251	24.0333	7.90325	
1752	0.377432	24.0552	7.91054	
1753	0.377613	24.0772	7.91784	
1754	0.377794	24.0992	7.92514	
1755	0.377975	24.1212	7.93244	
1756	0.378156	24.1432	7.93974	
1757	0.378337	24.1652	7.94705	
1758	0.378519	24.1872	7.95436	
1759	0.3787	24.2092	7.96167	
1760	0.378881	24.2312	7.96899	
1761	0.379062	24.2532	7.97631	
1762	0.379243	24.2753	7.98363	
1763	0.379424	24.2973	7.99096	
1764	0.379605	24.3194	7.99829	
1765	0.379786	24.3415	8.00562	
1766	0.379967	24.3636	8.01295	
1767	0.380148	24.3856	8.02029	
1768	0.380329	24.4077	8.02763	
1769	0.38051	24.4298	8.03497	
1770	0.380691	24.452	8.04232	
1771	0.380872	24.4741	8.04967	
1772	0.381053	24.4962	8.05702	
1773	0.381233	24.5184	8.06437	
1774	0.381414	24.5405	8.07173	
1775	0.381595	24.5627	8.07909	
1776	0.381776	24.5848	8.08645	
1777	0.381957	24.607	8.09382	
1778	0.382138	24.6292	8.10119	
1779	0.382319	24.6514	8.10856	
1780	0.3825	24.6736	8.11594	
1781	0.382681	24.6958	8.12332	
1782	0.382862	24.718	8.1307	
1783	0.383043	24.7402	8.13808	
1784	0.383223	24.7625	8.14547	
1785	0.383404	24.7847	8.15286	
1786	0.383585	24.807	8.16025	
1787	0.383766	24.8292	8.16765	
1788	0.383947	24.8515	8.17504	
1789	0.384128	24.8738	8.18245	
1790	0.384309	24.896	8.18985	
1791	0.384489	24.9183	8.19726	
1792	0.38467	24.9406	8.20467	
1793	0.384851	24.963	8.21208	
1794	0.385032	24.9853	8.2195	
1795	0.385213	25.0076	8.22692	
1796	0.385393	25.0299	8.23434	
1797	0.385574	25.0523	8.24176	
1798	0.385755	25.0747	8.24919	
1799	0.385936	25.097	8.25662	
1800	0.386116	25.1194	8.26406	
1801	0.386297	25.1418	8.27149	
1802	0.386478	25.1642	8.27893	
1803	0.386659	25.1866	8.28638	
1804	0.386839	25.209	8.29382	
1805	0.38702	25.2314	8.30127	
1806	0.387201	25.2538	8.30872	
1807	0.387382	25.2762	8.31618	
1808	0.387562	25.2987	8.32363	
1809	0.387743	25.3211	8.33109	
1810	0.387924	25.3436	8.33856	
1811	0.388104	25.3661	8.34602	
1812	0.388285	25.3885	8.35349	
1813	0.388466	25.411	8.36096	
1814	0.388646	25.4335	8.36844	
1815	0.388827	25.456	8.37592	
1816	0.389008	25.4785	8.3834	
1817	0.389188	25.501	8.39088	
1818	0.389369	25.5236	8.39837	
1819	0.38955	25.5461	8.40586	
1820	0.38973	25.5686	8.41335	
1821	0.389911	25.5912	8.42084	
1822	0.390091	25.6138	8.42834	
1823	0.390272	25.6363	8.43584	
1824	0.390453	25.6589	8.44335	
1825	0.390633	25.6815	8.45085	
1826	0.390814	25.7041	8.45836	
1827	0.390994	25.7267	8.46587	
1828	0.391175	25.7493	8.47339	
1829	0.391356	25.7719	8.48091	
1830	0.391536	25.7946	8.48843	
1831	0.391717	25.8172	8.49595	
1832	0.391897	25.8398	8.50348	
1833	0.392078	25.8625	8.51101	
1834	0.392258	25.8852	8.51855	
1835	0.392439	25.9078	8.52608	
1836	0.392619	25.9305	8.53362	
1837	0.3928	25.9532	8.54116	
1838	0.39298	25.9759	8.54871	
1839	0.393161	25.9986	8.55625	
1840	0.393341	26.0213	8.5638	
1841	0.393522	26.0441	8.57136	
1842	0.393702	26.0668	8.57891	
1843	0.393883	26.0895	8.58647	
1844	0.394063	26.1123	8.59404	
1845	0.394244	26.135	8.6016	
1846	0.394424	26.1578	8.60917	
1847	0.394605	26.1806	8.61674	
1848	0.394785	26.2034	8.62431	
1849	0.394965	26.2262	8.63189	
1850	0.395146	26.249	8.63947	
1851	0.395326	26.2718	8.64705	
1852	0.395507	26.2946	8.65464	
1853	0.395687	26.3174	8.66223	
1854	0.395868	26.3403	8.66982	
1855	0.396048	26.3631	8.67741	
1856	0.396228	26.386	8.68501	
1857	0.396409	26.4088	8.69261	
1858	0.396589	26.4317	8.70021	
1859	0.396769	26.4546	8.70782	
1860	0.39695	26.4774	8.71543	
1861	0.39713	26.5003	8.72304	
1862	0.39731	26.5232	8.73065	
1863	0.397491	26.5462	8.73827	
1864	0.397671	26.5691	8.74589	
1865	0.397851	26.592	8.75351	
1866	0.398032	26.6149	8.76114	
1867	0.398212	26.6379	8.76877	
1868	0.398392	26.6608	8.7764	
1869	0.398573	26.6838	8.78403	
1870	0.398753	26.7068	8.79167	
1871	0.398933	26.7298	8.79931	
1872	0.399114	26.7528	8.80696	
1873	0.399294	26.7758	8.8146	
1874	0.399474	26.7988	8.82225	
1875	0.399654	26.8218	8.8299	
1876	0.399835	26.8448	8.83756	
1877	0.400015	26.8678	8.84522	
1878	0.400195	26.8909	8.85288	
1879	0.400375	26.9139	8.86054	
1880	0.400555	26.937	8.86821	
1881	0.400736	26.96	8.87588	
1882	0.400916	26.9831	8.88355	
1883	0.401096	27.0062	8.89122	
1884	0.401276	27.0293	8.8989	
1885	0.401456	27.0524	8.90658	
1886	0.401637	27.0755	8.91427	
1887	0.401817	27.0986	8.92196	
1888	0.401997	27.1217	8.92964	
1889	0.402177	27.1449	8.93734	
1890	0.402357	27.168	8.94503	
1891	0.402537	27.1912	8.95273	
1892	0.402718	27.2143	8.96043	
1893	0.402898	27.2375	8.96814	
1894	0.403078	27.2607	8.97584	
1895	0.403258	27.2839	8.98355	
1896	0.403438	27.307	8.99127	
1897	0.403618	27.3302	8.99898	
1898	0.403798	27.3535	9.0067	
1899	0.403978	27.3767	9.01442	
1900	0.404159	27.3999	9.02215	
1901	0.404339	27.4231	9.02987	
1902	0.404519	27.4464	9.0376	
1903	0.404699	27.4696	9.04534	
1904	0.404879	27.4929	9.05307	
1905	0.405059	27.5162	9.06081	
1906	0.405239	27.5394	9.06855	
1907	0.405419	27.5627	9.0763	
1908	0.405599	27.586	9.08405	
1909	0.405779	27.6093	9.0918	
1910	0.405959	27.6326	9.09955	
1911	0.406139	27.656	9.10731	
1912	0.406319	27.6793	9.11507	
1913	0.406499	27.7026	9.12283	
1914	0.406679	27.726	9.13059	
1915	0.406859	27.7493	9.13836	
1916	0.407039	27.7727	9.14613	
1917	0.407219	27.7961	9.1539	
1918	0.407399	27.8194	9.16168	
1919	0.407579	27.8428	9.16946	
1920	0.407759	27.8662	9.17724	
1921	0.407939	27.8896	9.18503	
1922	0.408119	27.913	9.19281	
1923	0.408299	27.9365	9.20061	
1924	0.408479	27.9599	9.2084	
1925	0.408659	27.9833	9.2162	
1926	0.408839	28.0068	9.22399	
1927	0.409018	28.0302	9.2318	
1928	0.409198	28.0537	9.2396	
1929	0.409378	28.0772	9.24741	
1930	0.409558	28.1007	9.25522	
1931	0.409738	28.1242	9.26303	
1932	0.409918	28.1477	9.27085	
1933	0.410098	28.1712	9.27867	
1934	0.410278	28.1947	9.28649	
1935	0.410458	28.2182	9.29432	
1936	0.410637	28.2417	9.30215	
1937	0.410817	28.2653	9.30998	
1938	0.410997	28.2888	9.31781	
1939	0.411177	28.3124	9.32565	
1940	0.411357	28.3359	9.33349	
1941	0.411537	28.3595	9.34133	
1942	0.411716	28.3831	9.34918	
1943	0.411896	28.4067	9.35702	
1944	0.412076	28.4303	9.36488	
1945	0.412256	28.4539	9.37273	
1946	0.412436	28.4775	9.38059	
1947	0.412615	28.5011	9.38845	
1948	0.412795	28.5248	9.39631	
1949	0.412975	28.5484	9.40417	
1950	0.413155	28.5721	9.41204	
1951	0.413334	28.5957	9.41991	
1952	0.413514	28.6194	9.42779	
1953	0.413694	28.6431	9.43566	
1954	0.413874	28.6667	9.44354	
1955	0.414053	28.6904	9.45143	
1956	0.414233	28.7141	9.45931	
1957	0.414413	28.7379	9.4672	
1958	0.414592	28.7616	9.47509	
1959	0.414772	28.7853	9.48299	
1960	0.414952	28.809	9.49088	
1961	0.415132	28.8328	9.49878	
1962	0.415311	28.8565	9.50669	
1963	0.415491	28.8803	9.51459	
1964	0.415671	28.9041	9.5225	
1965	0.41585	28.9278	9.53041	
1966	0.41603	28.9516	9.53832	
1967	0.41621	28.9754	9.54624	
1968	0.416389	28.9992	9.55416	
1969	0.416569	29.023	9.56208	
1970	0.416748	29.0468	9.57001	
1971	0.416928	29.0707	9.57794	
1972	0.417108	29.0945	9.58587	
1973	0.417287	29.1183	9.5938	
1974	0.417467	29.1422	9.60174	
1975	0.417647	29.1661	9.60968	
1976	0.417826	29.1899	9.61762	
1977	0.418006	29.2138	9.62557	
1978	0.418185	29.2377	9.63352	
1979	0.418365	29.2616	9.64147	
1980	0.418544	29.2855	9.64942	
1981	0.418724	29.3094	9.65738	
1982	0.418904	29.3333	9.66534	
1983	0.419083	29.3572	9.6733	
1984	0.419263	29.3812	9.68127	
1985	0.419442	29.4051	9.68924	
1986	0.419622	29.4291	9.69721	
1987	0.419801	29.453	9.70518	
1988	0.419981	29.477	9.71316	
1989	0.42016	29.501	9.72114	
1990	0.42034	29.525	9.72912	
1991	0.420519	29.549	9.73711	
1992	0.420699	29.573	9.7451	
1993	0.420878	29.597	9.75309	
1994	0.421058	29.621	9.76108	
1995	0.421237	29.645	9.76908	
1996	0.421417	29.6691	9.77708	
1997	0.421596	29.6931	9.78508	
1998	0.421776	29.7172	9.79309	
1999	0.421955	29.7412	9.8011	
2000	0.422134	29.7653	9.80911	
