# Time	[X1]	[X2]	[X3]	
0	0.1	0.4	0.2	
1	0.0503036	0.483006	0.154189	
2	0.049254	0.485438	0.15518	
3	0.0492885	0.486966	0.155696	
4	0.0493604	0.48831	0.15614	
5	0.0494265	0.489514	0.156537	
6	0.0494859	0.490593	0.156894	
7	0.049539	0.491561	0.157213	
8	0.0495867	0.492429	0.1575	
9	0.0496293	0.493207	0.157757	
10	0.0496676	0.493905	0.157987	
11	0.0497019	0.494532	0.158194	
12	0.0497326	0.495094	0.15838	
13	0.0497602	0.495598	0.158546	
14	0.049785	0.49605	0.158696	
15	0.0498072	0.496457	0.15883	
16	0.0498271	0.496821	0.158951	
17	0.049845	0.497149	0.159059	
18	0.049861	0.497443	0.159156	
19	0.0498754	0.497707	0.159243	
20	0.0498883	0.497944	0.159321	
21	0.0498999	0.498156	0.159392	
22	0.0499104	0.498347	0.159455	
23	0.0499197	0.498518	0.159511	
24	0.0499281	0.498672	0.159562	
25	0.0499356	0.49881	0.159608	
26	0.0499424	0.498934	0.159649	
27	0.0499485	0.499046	0.159685	
28	0.0499539	0.499146	0.159718	
29	0.0499588	0.499236	0.159748	
30	0.0499632	0.499316	0.159775	
31	0.0499671	0.499389	0.159799	
32	0.0499707	0.499454	0.15982	
33	0.0499739	0.499512	0.159839	
34	0.0499767	0.499564	0.159857	
35	0.0499793	0.499611	0.159872	
36	0.0499816	0.499654	0.159886	
37	0.0499836	0.499692	0.159899	
38	0.0499855	0.499726	0.15991	
39	0.0499872	0.499756	0.15992	
40	0.0499887	0.499784	0.159929	
41	0.04999	0.499809	0.159937	
42	0.0499912	0.499831	0.159945	
43	0.0499923	0.499851	0.159951	
44	0.0499933	0.499868	0.159957	
45	0.0499941	0.499885	0.159963	
46	0.0499949	0.499899	0.159967	
47	0.0499956	0.499912	0.159972	
48	0.0499963	0.499923	0.159975	
49	0.0499968	0.499934	0.159979	
50	0.0499973	0.499943	0.159982	
51	0.0499978	0.499952	0.159985	
52	0.0499982	0.499959	0.159987	
53	0.0499986	0.499966	0.159989	
54	0.0499989	0.499972	0.159991	
55	0.0499992	0.499978	0.159993	
56	0.0499995	0.499983	0.159995	
57	0.0499997	0.499987	0.159996	
58	0.0499999	0.499991	0.159998	
59	0.0500001	0.499995	0.159999	
60	0.0500003	0.499998	0.16	
61	0.0500005	0.500001	0.160001	
62	0.0500006	0.500003	0.160002	
63	0.0500007	0.500006	0.160002	
64	0.0500008	0.500008	0.160003	
65	0.0500009	0.500009	0.160004	
66	0.050001	0.500011	0.160004	
67	0.0500011	0.500013	0.160005	
68	0.0500012	0.500014	0.160005	
69	0.0500013	0.500015	0.160006	
70	0.0500013	0.500016	0.160006	
71	0.0500014	0.500017	0.160006	
72	0.0500014	0.500018	0.160007	
73	0.0500014	0.500019	0.160007	
74	0.0500015	0.500019	0.160007	
75	0.0500015	0.50002	0.160007	
76	0.0500015	0.50002	0.160007	
77	0.0500016	0.500021	0.160008	
78	0.0500016	0.500021	0.160008	
79	0.0500016	0.500022	0.160008	
80	0.0500016	0.500022	0.160008	
81	0.0500017	0.500023	0.160008	
82	0.0500017	0.500023	0.160008	
83	0.0500017	0.500023	0.160008	
84	0.0500017	0.500023	0.160008	
85	0.0500017	0.500024	0.160008	
86	0.0500017	0.500024	0.160009	
87	0.0500017	0.500024	0.160009	
88	0.0500018	0.500024	0.160009	
89	0.0500018	0.500025	0.160009	
90	0.0500018	0.500025	0.160009	
91	0.0500018	0.500025	0.160009	
92	0.0500018	0.500025	0.160009	
93	0.0500018	0.500025	0.160009	
94	0.0500018	0.500025	0.160009	
95	0.0500018	0.500025	0.160009	
96	0.0500018	0.500025	0.160009	
97	0.0500018	0.500025	0.160009	
98	0.0500018	0.500025	0.160009	
99	0.0500018	0.500026	0.160009	
100	0.0500018	0.500026	0.160009	
101	0.0500018	0.500026	0.160009	
102	0.0500018	0.500026	0.160009	
103	0.0500018	0.500026	0.160009	
104	0.0500018	0.500026	0.160009	
105	0.0500018	0.500026	0.160009	
106	0.0500018	0.500026	0.160009	
107	0.0500018	0.500026	0.160009	
108	0.0500018	0.500026	0.160009	
109	0.0500018	0.500026	0.160009	
110	0.0500018	0.500026	0.160009	
111	0.0500018	0.500026	0.160009	
112	0.0500018	0.500026	0.160009	
113	0.0500018	0.500026	0.160009	
114	0.0500018	0.500026	0.160009	
115	0.0500018	0.500026	0.160009	
116	0.0500018	0.500026	0.160009	
117	0.0500018	0.500026	0.160009	
118	0.0500018	0.500026	0.160009	
119	0.0500018	0.500026	0.160009	
120	0.0500018	0.500026	0.160009	
121	0.0500018	0.500026	0.160009	
122	0.0500018	0.500026	0.160009	
123	0.0500018	0.500026	0.160009	
124	0.0500018	0.500026	0.160009	
125	0.0500018	0.500026	0.160009	
126	0.0500018	0.500026	0.160009	
127	0.0500018	0.500026	0.160009	
128	0.0500018	0.500026	0.160009	
129	0.0500018	0.500026	0.160009	
130	0.0500018	0.500026	0.160009	
131	0.0500019	0.500026	0.160009	
132	0.0500019	0.500026	0.160009	
133	0.0500019	0.500026	0.160009	
134	0.0500019	0.500026	0.160009	
135	0.0500019	0.500026	0.160009	
136	0.0500019	0.500026	0.160009	
137	0.0500019	0.500026	0.160009	
138	0.0500019	0.500026	0.160009	
139	0.0500018	0.500026	0.160009	
140	0.0500018	0.500026	0.160009	
141	0.0500018	0.500026	0.160009	
142	0.0500018	0.500026	0.160009	
143	0.0500018	0.500026	0.160009	
144	0.0500018	0.500026	0.160009	
145	0.0500018	0.500026	0.160009	
146	0.0500018	0.500026	0.160009	
147	0.0500018	0.500026	0.160009	
148	0.0500018	0.500026	0.160009	
149	0.0500018	0.500026	0.160009	
150	0.0500018	0.500026	0.160009	
151	0.0500018	0.500026	0.160009	
152	0.0500018	0.500026	0.160009	
153	0.0500018	0.500026	0.160009	
154	0.0500018	0.500026	0.160009	
155	0.0500018	0.500026	0.160009	
156	0.0500018	0.500026	0.160009	
157	0.0500018	0.500026	0.160009	
158	0.0500018	0.500026	0.160009	
159	0.0500018	0.500026	0.160009	
160	0.0500018	0.500026	0.160009	
161	0.0500018	0.500026	0.160009	
162	0.0500019	0.500026	0.160009	
163	0.0500019	0.500026	0.160009	
164	0.0500019	0.500026	0.160009	
165	0.0500019	0.500026	0.160009	
166	0.0500019	0.500026	0.160009	
167	0.0500019	0.500026	0.160009	
168	0.0500019	0.500026	0.160009	
169	0.0500019	0.500026	0.160009	
170	0.0500019	0.500026	0.160009	
171	0.0500019	0.500026	0.160009	
172	0.0500019	0.500026	0.160009	
173	0.0500019	0.500026	0.160009	
174	0.0500019	0.500026	0.160009	
175	0.0500019	0.500026	0.160009	
176	0.0500019	0.500026	0.160009	
177	0.0500019	0.500026	0.160009	
178	0.0500019	0.500026	0.160009	
179	0.0500019	0.500026	0.160009	
180	0.0500019	0.500026	0.160009	
181	0.0500019	0.500026	0.160009	
182	0.0500019	0.500026	0.160009	
183	0.0500019	0.500026	0.160009	
184	0.0500019	0.500026	0.160009	
185	0.0500019	0.500026	0.160009	
186	0.0500019	0.500026	0.160009	
187	0.0500019	0.500026	0.160009	
188	0.0500019	0.500026	0.160009	
189	0.0500019	0.500026	0.160009	
190	0.0500019	0.500026	0.160009	
191	0.0500019	0.500026	0.160009	
192	0.0500019	0.500026	0.160009	
193	0.0500019	0.500026	0.160009	
194	0.0500019	0.500026	0.160009	
195	0.0500019	0.500026	0.160009	
196	0.0500019	0.500026	0.160009	
197	0.0500018	0.500026	0.160009	
198	0.0500018	0.500026	0.160009	
199	0.0500018	0.500026	0.160009	
200	0.0500018	0.500026	0.160009	
201	0.0500018	0.500026	0.160009	
202	0.0500018	0.500026	0.160009	
203	0.0500018	0.500026	0.160009	
204	0.0500018	0.500026	0.160009	
205	0.0500018	0.500026	0.160009	
206	0.0500018	0.500026	0.160009	
207	0.0500018	0.500026	0.160009	
208	0.0500018	0.500026	0.160009	
209	0.0500018	0.500026	0.160009	
210	0.0500018	0.500026	0.160009	
211	0.0500018	0.500026	0.160009	
212	0.0500018	0.500026	0.160009	
213	0.0500018	0.500026	0.160009	
214	0.0500018	0.500026	0.160009	
215	0.0500018	0.500026	0.160009	
216	0.0500018	0.500026	0.160009	
217	0.0500018	0.500026	0.160009	
218	0.0500018	0.500026	0.160009	
219	0.0500018	0.500026	0.160009	
220	0.0500018	0.500026	0.160009	
221	0.0500018	0.500026	0.160009	
222	0.0500018	0.500026	0.160009	
223	0.0500018	0.500026	0.160009	
224	0.0500019	0.500026	0.160009	
225	0.0500019	0.500026	0.160009	
226	0.0500019	0.500026	0.160009	
227	0.0500019	0.500026	0.160009	
228	0.0500019	0.500026	0.160009	
229	0.0500019	0.500026	0.160009	
230	0.0500019	0.500026	0.160009	
231	0.0500019	0.500026	0.160009	
232	0.0500019	0.500026	0.160009	
233	0.0500019	0.500026	0.160009	
234	0.0500019	0.500026	0.160009	
235	0.0500019	0.500026	0.160009	
236	0.0500019	0.500026	0.160009	
237	0.0500019	0.500026	0.160009	
238	0.0500019	0.500026	0.160009	
239	0.0500019	0.500026	0.160009	
240	0.0500019	0.500026	0.160009	
241	0.0500019	0.500026	0.160009	
242	0.0500019	0.500026	0.160009	
243	0.0500019	0.500026	0.160009	
244	0.0500019	0.500026	0.160009	
245	0.0500019	0.500026	0.160009	
246	0.0500019	0.500026	0.160009	
247	0.0500019	0.500026	0.160009	
248	0.0500019	0.500026	0.160009	
249	0.0500019	0.500026	0.160009	
250	0.0500019	0.500026	0.160009	
251	0.0500019	0.500026	0.160009	
252	0.0500019	0.500026	0.160009	
253	0.0500019	0.500026	0.160009	
254	0.0500019	0.500026	0.160009	
255	0.0500019	0.500026	0.160009	
256	0.0500019	0.500026	0.160009	
257	0.0500019	0.500026	0.160009	
258	0.0500019	0.500026	0.160009	
259	0.0500019	0.500026	0.160009	
260	0.0500018	0.500026	0.160009	
261	0.0500018	0.500026	0.160009	
262	0.0500018	0.500026	0.160009	
263	0.0500018	0.500026	0.160009	
264	0.0500018	0.500026	0.160009	
265	0.0500018	0.500026	0.160009	
266	0.0500018	0.500026	0.160009	
267	0.0500018	0.500026	0.160009	
268	0.0500018	0.500026	0.160009	
269	0.0500018	0.500026	0.160009	
270	0.0500018	0.500026	0.160009	
271	0.0500018	0.500026	0.160009	
272	0.0500018	0.500026	0.160009	
273	0.0500018	0.500026	0.160009	
274	0.0500018	0.500026	0.160009	
275	0.0500018	0.500026	0.160009	
276	0.0500018	0.500026	0.160009	
277	0.0500018	0.500026	0.160009	
278	0.0500018	0.500026	0.160009	
279	0.0500018	0.500026	0.160009	
280	0.0500018	0.500026	0.160009	
281	0.0500018	0.500026	0.160009	
282	0.0500018	0.500026	0.160009	
283	0.0500018	0.500026	0.160009	
284	0.0500018	0.500026	0.160009	
285	0.0500018	0.500026	0.160009	
286	0.0500018	0.500026	0.160009	
287	0.0500018	0.500026	0.160009	
288	0.0500018	0.500026	0.160009	
289	0.0500018	0.500026	0.160009	
290	0.0500018	0.500026	0.160009	
291	0.0500018	0.500026	0.160009	
292	0.0500018	0.500026	0.160009	
293	0.0500018	0.500026	0.160009	
294	0.0500018	0.500026	0.160009	
295	0.0500018	0.500026	0.160009	
296	0.0500018	0.500026	0.160009	
297	0.0500018	0.500026	0.160009	
298	0.0500018	0.500026	0.160009	
299	0.0500018	0.500026	0.160009	
300	0.0500018	0.500026	0.160009	
301	0.0500018	0.500026	0.160009	
302	0.0500018	0.500026	0.160009	
303	0.0500018	0.500026	0.160009	
304	0.0500018	0.500026	0.160009	
305	0.0500019	0.500026	0.160009	
306	0.0500019	0.500026	0.160009	
307	0.0500019	0.500026	0.160009	
308	0.0500019	0.500026	0.160009	
309	0.0500019	0.500026	0.160009	
310	0.0500019	0.500026	0.160009	
311	0.0500019	0.500026	0.160009	
312	0.0500019	0.500026	0.160009	
313	0.0500019	0.500026	0.160009	
314	0.0500019	0.500026	0.160009	
315	0.0500019	0.500026	0.160009	
316	0.0500019	0.500026	0.160009	
317	0.0500019	0.500026	0.160009	
318	0.0500019	0.500026	0.160009	
319	0.0500019	0.500026	0.160009	
320	0.0500019	0.500026	0.160009	
321	0.0500019	0.500026	0.160009	
322	0.0500019	0.500026	0.160009	
323	0.0500019	0.500026	0.160009	
324	0.0500018	0.500026	0.160009	
325	0.0500018	0.500026	0.160009	
326	0.0500018	0.500026	0.160009	
327	0.0500018	0.500026	0.160009	
328	0.0500018	0.500026	0.160009	
329	0.0500018	0.500026	0.160009	
330	0.0500018	0.500026	0.160009	
331	0.0500018	0.500026	0.160009	
332	0.0500018	0.500026	0.160009	
333	0.0500018	0.500026	0.160009	
334	0.0500018	0.500026	0.160009	
335	0.0500018	0.500026	0.160009	
336	0.0500018	0.500026	0.160009	
337	0.0500018	0.500026	0.160009	
338	0.0500018	0.500026	0.160009	
339	0.0500018	0.500026	0.160009	
340	0.0500018	0.500026	0.160009	
341	0.0500018	0.500026	0.160009	
342	0.0500018	0.500026	0.160009	
343	0.0500018	0.500026	0.160009	
344	0.0500018	0.500026	0.160009	
345	0.0500018	0.500026	0.160009	
346	0.0500018	0.500026	0.160009	
347	0.0500018	0.500026	0.160009	
348	0.0500018	0.500026	0.160009	
349	0.0500018	0.500026	0.160009	
350	0.0500018	0.500026	0.160009	
351	0.0500018	0.500026	0.160009	
352	0.0500018	0.500026	0.160009	
353	0.0500018	0.500026	0.160009	
354	0.0500018	0.500026	0.160009	
355	0.0500018	0.500026	0.160009	
356	0.0500018	0.500026	0.160009	
357	0.0500018	0.500026	0.160009	
358	0.0500018	0.500026	0.160009	
359	0.0500018	0.500026	0.160009	
360	0.0500018	0.500026	0.160009	
361	0.0500018	0.500026	0.160009	
362	0.0500018	0.500026	0.160009	
363	0.0500018	0.500026	0.160009	
364	0.0500018	0.500026	0.160009	
365	0.0500018	0.500026	0.160009	
366	0.0500018	0.500026	0.160009	
367	0.0500018	0.500026	0.160009	
368	0.0500018	0.500026	0.160009	
369	0.0500018	0.500026	0.160009	
370	0.0500018	0.500026	0.160009	
371	0.0500018	0.500026	0.160009	
372	0.0500018	0.500026	0.160009	
373	0.0500018	0.500026	0.160009	
374	0.0500018	0.500026	0.160009	
375	0.0500018	0.500026	0.160009	
376	0.0500018	0.500026	0.160009	
377	0.0500018	0.500026	0.160009	
378	0.0500018	0.500026	0.160009	
379	0.0500018	0.500026	0.160009	
380	0.0500018	0.500026	0.160009	
381	0.0500018	0.500026	0.160009	
382	0.0500018	0.500026	0.160009	
383	0.0500018	0.500026	0.160009	
384	0.0500018	0.500026	0.160009	
385	0.0500018	0.500026	0.160009	
386	0.0500018	0.500026	0.160009	
387	0.0500018	0.500026	0.160009	
388	0.0500018	0.500026	0.160009	
389	0.0500018	0.500026	0.160009	
390	0.0500018	0.500026	0.160009	
391	0.0500018	0.500026	0.160009	
392	0.0500018	0.500026	0.160009	
393	0.0500018	0.500026	0.160009	
394	0.0500018	0.500026	0.160009	
395	0.0500018	0.500026	0.160009	
396	0.0500018	0.500026	0.160009	
397	0.0500018	0.500026	0.160009	
398	0.0500018	0.500026	0.160009	
399	0.0500018	0.500026	0.160009	
400	0.0500018	0.500026	0.160009	
401	0.0500018	0.500026	0.160009	
402	0.0500018	0.500026	0.160009	
403	0.0500018	0.500026	0.160009	
404	0.0500018	0.500026	0.160009	
405	0.0500018	0.500026	0.160009	
406	0.0500018	0.500026	0.160009	
407	0.0500018	0.500026	0.160009	
408	0.0500018	0.500026	0.160009	
409	0.0500018	0.500026	0.160009	
410	0.0500018	0.500026	0.160009	
411	0.0500018	0.500026	0.160009	
412	0.0500018	0.500026	0.160009	
413	0.0500018	0.500026	0.160009	
414	0.0500018	0.500026	0.160009	
415	0.0500018	0.500026	0.160009	
416	0.0500018	0.500026	0.160009	
417	0.0500018	0.500026	0.160009	
418	0.0500018	0.500026	0.160009	
419	0.0500018	0.500026	0.160009	
420	0.0500018	0.500026	0.160009	
421	0.0500018	0.500026	0.160009	
422	0.0500018	0.500026	0.160009	
423	0.0500018	0.500026	0.160009	
424	0.0500018	0.500026	0.160009	
425	0.0500018	0.500026	0.160009	
426	0.0500018	0.500026	0.160009	
427	0.0500018	0.500026	0.160009	
428	0.0500018	0.500026	0.160009	
429	0.0500018	0.500026	0.160009	
430	0.0500018	0.500026	0.160009	
431	0.0500018	0.500026	0.160009	
432	0.0500018	0.500026	0.160009	
433	0.0500018	0.500026	0.160009	
434	0.0500018	0.500026	0.160009	
435	0.0500018	0.500026	0.160009	
436	0.0500018	0.500026	0.160009	
437	0.0500018	0.500026	0.160009	
438	0.0500018	0.500026	0.160009	
439	0.0500018	0.500026	0.160009	
440	0.0500018	0.500026	0.160009	
441	0.0500018	0.500026	0.160009	
442	0.0500018	0.500026	0.160009	
443	0.0500018	0.500026	0.160009	
444	0.0500018	0.500026	0.160009	
445	0.0500018	0.500026	0.160009	
446	0.0500018	0.500026	0.160009	
447	0.0500018	0.500026	0.160009	
448	0.0500018	0.500026	0.160009	
449	0.0500018	0.500026	0.160009	
450	0.0500018	0.500026	0.160009	
451	0.0500018	0.500026	0.160009	
452	0.0500018	0.500026	0.160009	
453	0.0500018	0.500026	0.160009	
454	0.0500018	0.500026	0.160009	
455	0.0500018	0.500026	0.160009	
456	0.0500018	0.500026	0.160009	
457	0.0500018	0.500026	0.160009	
458	0.0500018	0.500026	0.160009	
459	0.0500018	0.500026	0.160009	
460	0.0500018	0.500026	0.160009	
461	0.0500018	0.500026	0.160009	
462	0.0500018	0.500026	0.160009	
463	0.0500018	0.500026	0.160009	
464	0.0500018	0.500026	0.160009	
465	0.0500018	0.500026	0.160009	
466	0.0500018	0.500026	0.160009	
467	0.0500018	0.500026	0.160009	
468	0.0500018	0.500026	0.160009	
469	0.0500018	0.500026	0.160009	
470	0.0500018	0.500026	0.160009	
471	0.0500018	0.500026	0.160009	
472	0.0500018	0.500026	0.160009	
473	0.0500018	0.500026	0.160009	
474	0.0500018	0.500026	0.160009	
475	0.0500018	0.500026	0.160009	
476	0.0500018	0.500026	0.160009	
477	0.0500018	0.500026	0.160009	
478	0.0500018	0.500026	0.160009	
479	0.0500018	0.500026	0.160009	
480	0.0500018	0.500026	0.160009	
481	0.0500018	0.500026	0.160009	
482	0.0500018	0.500026	0.160009	
483	0.0500018	0.500026	0.160009	
484	0.0500018	0.500026	0.160009	
485	0.0500018	0.500026	0.160009	
486	0.0500018	0.500026	0.160009	
487	0.0500018	0.500026	0.160009	
488	0.0500018	0.500026	0.160009	
489	0.0500018	0.500026	0.160009	
490	0.0500018	0.500026	0.160009	
491	0.0500018	0.500026	0.160009	
492	0.0500018	0.500026	0.160009	
493	0.0500018	0.500026	0.160009	
494	0.0500018	0.500026	0.160009	
495	0.0500018	0.500026	0.160009	
496	0.0500018	0.500026	0.160009	
497	0.0500018	0.500026	0.160009	
498	0.0500018	0.500026	0.160009	
499	0.0500018	0.500026	0.160009	
500	0.0500018	0.500026	0.160009	
501	0.0500018	0.500026	0.160009	
502	0.0500018	0.500026	0.160009	
503	0.0500018	0.500026	0.160009	
504	0.0500018	0.500026	0.160009	
505	0.0500018	0.500026	0.160009	
506	0.0500018	0.500026	0.160009	
507	0.0500018	0.500026	0.160009	
508	0.0500018	0.500026	0.160009	
509	0.0500018	0.500026	0.160009	
510	0.0500018	0.500026	0.160009	
511	0.0500018	0.500026	0.160009	
512	0.0500018	0.500026	0.160009	
513	0.0500018	0.500026	0.160009	
514	0.0500018	0.500026	0.160009	
515	0.0500018	0.500026	0.160009	
516	0.0500018	0.500026	0.160009	
517	0.0500018	0.500026	0.160009	
518	0.0500018	0.500026	0.160009	
519	0.0500018	0.500026	0.160009	
520	0.0500018	0.500026	0.160009	
521	0.0500018	0.500026	0.160009	
522	0.0500018	0.500026	0.160009	
523	0.0500018	0.500026	0.160009	
524	0.0500018	0.500026	0.160009	
525	0.0500018	0.500026	0.160009	
526	0.0500018	0.500026	0.160009	
527	0.0500018	0.500026	0.160009	
528	0.0500018	0.500026	0.160009	
529	0.0500018	0.500026	0.160009	
530	0.0500018	0.500026	0.160009	
531	0.0500018	0.500026	0.160009	
532	0.0500018	0.500026	0.160009	
533	0.0500018	0.500026	0.160009	
534	0.0500018	0.500026	0.160009	
535	0.0500018	0.500026	0.160009	
536	0.0500018	0.500026	0.160009	
537	0.0500018	0.500026	0.160009	
538	0.0500018	0.500026	0.160009	
539	0.0500018	0.500026	0.160009	
540	0.0500018	0.500026	0.160009	
541	0.0500018	0.500026	0.160009	
542	0.0500018	0.500026	0.160009	
543	0.0500018	0.500026	0.160009	
544	0.0500018	0.500026	0.160009	
545	0.0500018	0.500026	0.160009	
546	0.0500018	0.500026	0.160009	
547	0.0500018	0.500026	0.160009	
548	0.0500018	0.500026	0.160009	
549	0.0500018	0.500026	0.160009	
550	0.0500018	0.500026	0.160009	
551	0.0500018	0.500026	0.160009	
552	0.0500018	0.500026	0.160009	
553	0.0500018	0.500026	0.160009	
554	0.0500018	0.500026	0.160009	
555	0.0500018	0.500026	0.160009	
556	0.0500018	0.500026	0.160009	
557	0.0500018	0.500026	0.160009	
558	0.0500018	0.500026	0.160009	
559	0.0500018	0.500026	0.160009	
560	0.0500018	0.500026	0.160009	
561	0.0500018	0.500026	0.160009	
562	0.0500018	0.500026	0.160009	
563	0.0500018	0.500026	0.160009	
564	0.0500018	0.500026	0.160009	
565	0.0500018	0.500026	0.160009	
566	0.0500018	0.500026	0.160009	
567	0.0500018	0.500026	0.160009	
568	0.0500018	0.500026	0.160009	
569	0.0500018	0.500026	0.160009	
570	0.0500018	0.500026	0.160009	
571	0.0500018	0.500026	0.160009	
572	0.0500018	0.500026	0.160009	
573	0.0500018	0.500026	0.160009	
574	0.0500018	0.500026	0.160009	
575	0.0500018	0.500026	0.160009	
576	0.0500018	0.500026	0.160009	
577	0.0500018	0.500026	0.160009	
578	0.0500018	0.500026	0.160009	
579	0.0500018	0.500026	0.160009	
580	0.0500018	0.500026	0.160009	
581	0.0500018	0.500026	0.160009	
582	0.0500018	0.500026	0.160009	
583	0.0500018	0.500026	0.160009	
584	0.0500018	0.500026	0.160009	
585	0.0500018	0.500026	0.160009	
586	0.0500018	0.500026	0.160009	
587	0.0500018	0.500026	0.160009	
588	0.0500018	0.500026	0.160009	
589	0.0500018	0.500026	0.160009	
590	0.0500018	0.500026	0.160009	
591	0.0500018	0.500026	0.160009	
592	0.0500018	0.500026	0.160009	
593	0.0500018	0.500026	0.160009	
594	0.0500018	0.500026	0.160009	
595	0.0500018	0.500026	0.160009	
596	0.0500018	0.500026	0.160009	
597	0.0500018	0.500026	0.160009	
598	0.0500018	0.500026	0.160009	
599	0.0500018	0.500026	0.160009	
600	0.0500018	0.500026	0.160009	
601	0.0500018	0.500026	0.160009	
602	0.0500018	0.500026	0.160009	
603	0.0500018	0.500026	0.160009	
604	0.0500018	0.500026	0.160009	
605	0.0500018	0.500026	0.160009	
606	0.0500018	0.500026	0.160009	
607	0.0500018	0.500026	0.160009	
608	0.0500018	0.500026	0.160009	
609	0.0500018	0.500026	0.160009	
610	0.0500018	0.500026	0.160009	
611	0.0500018	0.500026	0.160009	
612	0.0500018	0.500026	0.160009	
613	0.0500018	0.500026	0.160009	
614	0.0500018	0.500026	0.160009	
615	0.0500018	0.500026	0.160009	
616	0.0500018	0.500026	0.160009	
617	0.0500018	0.500026	0.160009	
618	0.0500018	0.500026	0.160009	
619	0.0500018	0.500026	0.160009	
620	0.0500018	0.500026	0.160009	
621	0.0500018	0.500026	0.160009	
622	0.0500018	0.500026	0.160009	
623	0.0500018	0.500026	0.160009	
624	0.0500018	0.500026	0.160009	
625	0.0500018	0.500026	0.160009	
626	0.0500018	0.500026	0.160009	
627	0.0500018	0.500026	0.160009	
628	0.0500018	0.500026	0.160009	
629	0.0500018	0.500026	0.160009	
630	0.0500018	0.500026	0.160009	
631	0.0500018	0.500026	0.160009	
632	0.0500018	0.500026	0.160009	
633	0.0500018	0.500026	0.160009	
634	0.0500018	0.500026	0.160009	
635	0.0500018	0.500026	0.160009	
636	0.0500018	0.500026	0.160009	
637	0.0500018	0.500026	0.160009	
638	0.0500018	0.500026	0.160009	
639	0.0500018	0.500026	0.160009	
640	0.0500018	0.500026	0.160009	
641	0.0500018	0.500026	0.160009	
642	0.0500018	0.500026	0.160009	
643	0.0500018	0.500026	0.160009	
644	0.0500018	0.500026	0.160009	
645	0.0500018	0.500026	0.160009	
646	0.0500018	0.500026	0.160009	
647	0.0500018	0.500026	0.160009	
648	0.0500018	0.500026	0.160009	
649	0.0500018	0.500026	0.160009	
650	0.0500018	0.500026	0.160009	
651	0.0500018	0.500026	0.160009	
652	0.0500018	0.500026	0.160009	
653	0.0500018	0.500026	0.160009	
654	0.0500018	0.500026	0.160009	
655	0.0500018	0.500026	0.160009	
656	0.0500018	0.500026	0.160009	
657	0.0500018	0.500026	0.160009	
658	0.0500018	0.500026	0.160009	
659	0.0500018	0.500026	0.160009	
660	0.0500018	0.500026	0.160009	
661	0.0500018	0.500026	0.160009	
662	0.0500018	0.500026	0.160009	
663	0.0500018	0.500026	0.160009	
664	0.0500018	0.500026	0.160009	
665	0.0500018	0.500026	0.160009	
666	0.0500018	0.500026	0.160009	
667	0.0500018	0.500026	0.160009	
668	0.0500018	0.500026	0.160009	
669	0.0500018	0.500026	0.160009	
670	0.0500018	0.500026	0.160009	
671	0.0500018	0.500026	0.160009	
672	0.0500018	0.500026	0.160009	
673	0.0500018	0.500026	0.160009	
674	0.0500018	0.500026	0.160009	
675	0.0500018	0.500026	0.160009	
676	0.0500018	0.500026	0.160009	
677	0.0500018	0.500026	0.160009	
678	0.0500018	0.500026	0.160009	
679	0.0500018	0.500026	0.160009	
680	0.0500018	0.500026	0.160009	
681	0.0500018	0.500026	0.160009	
682	0.0500018	0.500026	0.160009	
683	0.0500018	0.500026	0.160009	
684	0.0500018	0.500026	0.160009	
685	0.0500018	0.500026	0.160009	
686	0.0500018	0.500026	0.160009	
687	0.0500018	0.500026	0.160009	
688	0.0500018	0.500026	0.160009	
689	0.0500018	0.500026	0.160009	
690	0.0500018	0.500026	0.160009	
691	0.0500018	0.500026	0.160009	
692	0.0500018	0.500026	0.160009	
693	0.0500018	0.500026	0.160009	
694	0.0500018	0.500026	0.160009	
695	0.0500018	0.500026	0.160009	
696	0.0500018	0.500026	0.160009	
697	0.0500018	0.500026	0.160009	
698	0.0500018	0.500026	0.160009	
699	0.0500018	0.500026	0.160009	
700	0.0500018	0.500026	0.160009	
701	0.0500018	0.500026	0.160009	
702	0.0500018	0.500026	0.160009	
703	0.0500018	0.500026	0.160009	
704	0.0500018	0.500026	0.160009	
705	0.0500018	0.500026	0.160009	
706	0.0500018	0.500026	0.160009	
707	0.0500018	0.500026	0.160009	
708	0.0500018	0.500026	0.160009	
709	0.0500018	0.500026	0.160009	
710	0.0500018	0.500026	0.160009	
711	0.0500018	0.500026	0.160009	
712	0.0500018	0.500026	0.160009	
713	0.0500018	0.500026	0.160009	
714	0.0500018	0.500026	0.160009	
715	0.0500018	0.500026	0.160009	
716	0.0500018	0.500026	0.160009	
717	0.0500018	0.500026	0.160009	
718	0.0500018	0.500026	0.160009	
719	0.0500019	0.500026	0.160009	
720	0.0500019	0.500026	0.160009	
721	0.0500019	0.500026	0.160009	
722	0.0500019	0.500026	0.160009	
723	0.0500019	0.500026	0.160009	
724	0.0500019	0.500026	0.160009	
725	0.0500019	0.500026	0.160009	
726	0.0500019	0.500026	0.160009	
727	0.0500019	0.500026	0.160009	
728	0.0500019	0.500026	0.160009	
729	0.0500019	0.500026	0.160009	
730	0.0500019	0.500026	0.160009	
731	0.0500019	0.500026	0.160009	
732	0.0500019	0.500026	0.160009	
733	0.0500019	0.500026	0.160009	
734	0.0500019	0.500026	0.160009	
735	0.0500019	0.500026	0.160009	
736	0.0500019	0.500026	0.160009	
737	0.0500019	0.500026	0.160009	
738	0.0500019	0.500026	0.160009	
739	0.0500019	0.500026	0.160009	
740	0.0500019	0.500026	0.160009	
741	0.0500019	0.500026	0.160009	
742	0.0500019	0.500026	0.160009	
743	0.0500019	0.500026	0.160009	
744	0.0500019	0.500026	0.160009	
745	0.0500019	0.500026	0.160009	
746	0.0500019	0.500026	0.160009	
747	0.0500019	0.500026	0.160009	
748	0.0500019	0.500026	0.160009	
749	0.0500019	0.500026	0.160009	
750	0.0500019	0.500026	0.160009	
751	0.0500019	0.500026	0.160009	
752	0.0500019	0.500026	0.160009	
753	0.0500019	0.500026	0.160009	
754	0.0500019	0.500026	0.160009	
755	0.0500019	0.500026	0.160009	
756	0.0500019	0.500026	0.160009	
757	0.0500019	0.500026	0.160009	
758	0.0500019	0.500026	0.160009	
759	0.0500019	0.500026	0.160009	
760	0.0500019	0.500026	0.160009	
761	0.0500019	0.500026	0.160009	
762	0.0500019	0.500026	0.160009	
763	0.0500019	0.500026	0.160009	
764	0.0500019	0.500026	0.160009	
765	0.0500019	0.500026	0.160009	
766	0.0500019	0.500026	0.160009	
767	0.0500019	0.500026	0.160009	
768	0.0500019	0.500026	0.160009	
769	0.0500019	0.500026	0.160009	
770	0.0500019	0.500026	0.160009	
771	0.0500019	0.500026	0.160009	
772	0.0500019	0.500026	0.160009	
773	0.0500019	0.500026	0.160009	
774	0.0500019	0.500026	0.160009	
775	0.0500019	0.500026	0.160009	
776	0.0500019	0.500026	0.160009	
777	0.0500019	0.500026	0.160009	
778	0.0500019	0.500026	0.160009	
779	0.0500019	0.500026	0.160009	
780	0.0500019	0.500026	0.160009	
781	0.0500019	0.500026	0.160009	
782	0.0500019	0.500026	0.160009	
783	0.0500019	0.500026	0.160009	
784	0.0500019	0.500026	0.160009	
785	0.0500019	0.500026	0.160009	
786	0.0500019	0.500026	0.160009	
787	0.0500019	0.500026	0.160009	
788	0.0500019	0.500026	0.160009	
789	0.0500019	0.500026	0.160009	
790	0.0500019	0.500026	0.160009	
791	0.0500019	0.500026	0.160009	
792	0.0500019	0.500026	0.160009	
793	0.0500019	0.500026	0.160009	
794	0.0500019	0.500026	0.160009	
795	0.0500019	0.500026	0.160009	
796	0.0500019	0.500026	0.160009	
797	0.0500019	0.500026	0.160009	
798	0.0500019	0.500026	0.160009	
799	0.0500019	0.500026	0.160009	
800	0.0500019	0.500026	0.160009	
801	0.0500019	0.500026	0.160009	
802	0.0500019	0.500026	0.160009	
803	0.0500019	0.500026	0.160009	
804	0.0500019	0.500026	0.160009	
805	0.0500019	0.500026	0.160009	
806	0.0500019	0.500026	0.160009	
807	0.0500019	0.500026	0.160009	
808	0.0500019	0.500026	0.160009	
809	0.0500019	0.500026	0.160009	
810	0.0500019	0.500026	0.160009	
811	0.0500019	0.500026	0.160009	
812	0.0500019	0.500026	0.160009	
813	0.0500019	0.500026	0.160009	
814	0.0500019	0.500026	0.160009	
815	0.0500019	0.500026	0.160009	
816	0.0500019	0.500026	0.160009	
817	0.0500019	0.500026	0.160009	
818	0.0500019	0.500026	0.160009	
819	0.0500019	0.500026	0.160009	
820	0.0500019	0.500026	0.160009	
821	0.0500019	0.500026	0.160009	
822	0.0500019	0.500026	0.160009	
823	0.0500019	0.500026	0.160009	
824	0.0500019	0.500026	0.160009	
825	0.0500019	0.500026	0.160009	
826	0.0500019	0.500026	0.160009	
827	0.0500019	0.500026	0.160009	
828	0.0500019	0.500026	0.160009	
829	0.0500019	0.500026	0.160009	
830	0.0500019	0.500026	0.160009	
831	0.0500019	0.500026	0.160009	
832	0.0500019	0.500026	0.160009	
833	0.0500019	0.500026	0.160009	
834	0.0500019	0.500026	0.160009	
835	0.0500019	0.500026	0.160009	
836	0.0500019	0.500026	0.160009	
837	0.0500019	0.500026	0.160009	
838	0.0500019	0.500026	0.160009	
839	0.0500019	0.500026	0.160009	
840	0.0500019	0.500026	0.160009	
841	0.0500019	0.500026	0.160009	
842	0.0500019	0.500026	0.160009	
843	0.0500019	0.500026	0.160009	
844	0.0500019	0.500026	0.160009	
845	0.0500019	0.500026	0.160009	
846	0.0500019	0.500026	0.160009	
847	0.0500019	0.500026	0.160009	
848	0.0500019	0.500026	0.160009	
849	0.0500019	0.500026	0.160009	
850	0.0500019	0.500026	0.160009	
851	0.0500019	0.500026	0.160009	
852	0.0500019	0.500026	0.160009	
853	0.0500019	0.500026	0.160009	
854	0.0500019	0.500026	0.160009	
855	0.0500019	0.500026	0.160009	
856	0.0500019	0.500026	0.160009	
857	0.0500019	0.500026	0.160009	
858	0.0500019	0.500026	0.160009	
859	0.0500019	0.500026	0.160009	
860	0.0500019	0.500026	0.160009	
861	0.0500019	0.500026	0.160009	
862	0.0500019	0.500026	0.160009	
863	0.0500019	0.500026	0.160009	
864	0.0500019	0.500026	0.160009	
865	0.0500019	0.500026	0.160009	
866	0.0500019	0.500026	0.160009	
867	0.0500019	0.500026	0.160009	
868	0.0500019	0.500026	0.160009	
869	0.0500019	0.500026	0.160009	
870	0.0500019	0.500026	0.160009	
871	0.0500019	0.500026	0.160009	
872	0.0500019	0.500026	0.160009	
873	0.0500019	0.500026	0.160009	
874	0.0500019	0.500026	0.160009	
875	0.0500019	0.500026	0.160009	
876	0.0500019	0.500026	0.160009	
877	0.0500019	0.500026	0.160009	
878	0.0500019	0.500026	0.160009	
879	0.0500019	0.500026	0.160009	
880	0.0500019	0.500026	0.160009	
881	0.0500019	0.500026	0.160009	
882	0.0500019	0.500026	0.160009	
883	0.0500019	0.500026	0.160009	
884	0.0500019	0.500026	0.160009	
885	0.0500019	0.500026	0.160009	
886	0.0500019	0.500026	0.160009	
887	0.0500019	0.500026	0.160009	
888	0.0500019	0.500026	0.160009	
889	0.0500019	0.500026	0.160009	
890	0.0500019	0.500026	0.160009	
891	0.0500019	0.500026	0.160009	
892	0.0500019	0.500026	0.160009	
893	0.0500019	0.500026	0.160009	
894	0.0500019	0.500026	0.160009	
895	0.0500019	0.500026	0.160009	
896	0.0500019	0.500026	0.160009	
897	0.0500019	0.500026	0.160009	
898	0.0500019	0.500026	0.160009	
899	0.0500019	0.500026	0.160009	
900	0.0500019	0.500026	0.160009	
901	0.0500019	0.500026	0.160009	
902	0.0500019	0.500026	0.160009	
903	0.0500019	0.500026	0.160009	
904	0.0500019	0.500026	0.160009	
905	0.0500019	0.500026	0.160009	
906	0.0500019	0.500026	0.160009	
907	0.0500019	0.500026	0.160009	
908	0.0500019	0.500026	0.160009	
909	0.0500019	0.500026	0.160009	
910	0.0500019	0.500026	0.160009	
911	0.0500019	0.500026	0.160009	
912	0.0500019	0.500026	0.160009	
913	0.0500019	0.500026	0.160009	
914	0.0500019	0.500026	0.160009	
915	0.0500019	0.500026	0.160009	
916	0.0500019	0.500026	0.160009	
917	0.0500019	0.500026	0.160009	
918	0.0500019	0.500026	0.160009	
919	0.0500019	0.500026	0.160009	
920	0.0500019	0.500026	0.160009	
921	0.0500019	0.500026	0.160009	
922	0.0500019	0.500026	0.160009	
923	0.0500019	0.500026	0.160009	
924	0.0500019	0.500026	0.160009	
925	0.0500019	0.500026	0.160009	
926	0.0500019	0.500026	0.160009	
927	0.0500019	0.500026	0.160009	
928	0.0500019	0.500026	0.160009	
929	0.0500019	0.500026	0.160009	
930	0.0500019	0.500026	0.160009	
931	0.0500019	0.500026	0.160009	
932	0.0500018	0.500026	0.160009	
933	0.0500018	0.500026	0.160009	
934	0.0500018	0.500026	0.160009	
935	0.0500018	0.500026	0.160009	
936	0.0500018	0.500026	0.160009	
937	0.0500018	0.500026	0.160009	
938	0.0500018	0.500026	0.160009	
939	0.0500018	0.500026	0.160009	
940	0.0500018	0.500026	0.160009	
941	0.0500018	0.500026	0.160009	
942	0.0500018	0.500026	0.160009	
943	0.0500018	0.500026	0.160009	
944	0.0500018	0.500026	0.160009	
945	0.0500018	0.500026	0.160009	
946	0.0500018	0.500026	0.160009	
947	0.0500018	0.500026	0.160009	
948	0.0500018	0.500026	0.160009	
949	0.0500018	0.500026	0.160009	
950	0.0500018	0.500026	0.160009	
951	0.0500018	0.500026	0.160009	
952	0.0500018	0.500026	0.160009	
953	0.0500018	0.500026	0.160009	
954	0.0500018	0.500026	0.160009	
955	0.0500018	0.500026	0.160009	
956	0.0500018	0.500026	0.160009	
957	0.0500018	0.500026	0.160009	
958	0.0500018	0.500026	0.160009	
959	0.0500018	0.500026	0.160009	
960	0.0500018	0.500026	0.160009	
961	0.0500018	0.500026	0.160009	
962	0.0500018	0.500026	0.160009	
963	0.0500018	0.500026	0.160009	
964	0.0500018	0.500026	0.160009	
965	0.0500018	0.500026	0.160009	
966	0.0500018	0.500026	0.160009	
967	0.0500018	0.500026	0.160009	
968	0.0500018	0.500026	0.160009	
969	0.0500018	0.500026	0.160009	
970	0.0500018	0.500026	0.160009	
971	0.0500018	0.500026	0.160009	
972	0.0500018	0.500026	0.160009	
973	0.0500018	0.500026	0.160009	
974	0.0500018	0.500026	0.160009	
975	0.0500018	0.500026	0.160009	
976	0.0500018	0.500026	0.160009	
977	0.0500018	0.500026	0.160009	
978	0.0500018	0.500026	0.160009	
979	0.0500018	0.500026	0.160009	
980	0.0500018	0.500026	0.160009	
981	0.0500018	0.500026	0.160009	
982	0.0500018	0.500026	0.160009	
983	0.0500018	0.500026	0.160009	
984	0.0500018	0.500026	0.160009	
985	0.0500018	0.500026	0.160009	
986	0.0500018	0.500026	0.160009	
987	0.0500018	0.500026	0.160009	
988	0.0500018	0.500026	0.160009	
989	0.0500018	0.500026	0.160009	
990	0.0500018	0.500026	0.160009	
991	0.0500018	0.500026	0.160009	
992	0.0500018	0.500026	0.160009	
993	0.0500018	0.500026	0.160009	
994	0.0500018	0.500026	0.160009	
995	0.0500018	0.500026	0.160009	
996	0.0500018	0.500026	0.160009	
997	0.0500018	0.500026	0.160009	
998	0.0500018	0.500026	0.160009	
999	0.0500018	0.500026	0.160009	
1000	0.0500018	0.500026	0.160009	
1001	0.0500018	0.500026	0.160009	
1002	0.0500018	0.500026	0.160009	
1003	0.0500018	0.500026	0.160009	
1004	0.0500018	0.500026	0.160009	
1005	0.0500018	0.500026	0.160009	
1006	0.0500018	0.500026	0.160009	
1007	0.0500018	0.500026	0.160009	
1008	0.0500018	0.500026	0.160009	
1009	0.0500018	0.500026	0.160009	
1010	0.0500018	0.500026	0.160009	
1011	0.0500018	0.500026	0.160009	
1012	0.0500018	0.500026	0.160009	
1013	0.0500018	0.500026	0.160009	
1014	0.0500018	0.500026	0.160009	
1015	0.0500018	0.500026	0.160009	
1016	0.0500018	0.500026	0.160009	
1017	0.0500018	0.500026	0.160009	
1018	0.0500018	0.500026	0.160009	
1019	0.0500018	0.500026	0.160009	
1020	0.0500018	0.500026	0.160009	
1021	0.0500018	0.500026	0.160009	
1022	0.0500018	0.500026	0.160009	
1023	0.0500018	0.500026	0.160009	
1024	0.0500018	0.500026	0.160009	
1025	0.0500018	0.500026	0.160009	
1026	0.0500018	0.500026	0.160009	
1027	0.0500018	0.500026	0.160009	
1028	0.0500018	0.500026	0.160009	
1029	0.0500018	0.500026	0.160009	
1030	0.0500018	0.500026	0.160009	
1031	0.0500018	0.500026	0.160009	
1032	0.0500018	0.500026	0.160009	
1033	0.0500018	0.500026	0.160009	
1034	0.0500018	0.500026	0.160009	
1035	0.0500018	0.500026	0.160009	
1036	0.0500018	0.500026	0.160009	
1037	0.0500018	0.500026	0.160009	
1038	0.0500018	0.500026	0.160009	
1039	0.0500018	0.500026	0.160009	
1040	0.0500018	0.500026	0.160009	
1041	0.0500018	0.500026	0.160009	
1042	0.0500018	0.500026	0.160009	
1043	0.0500018	0.500026	0.160009	
1044	0.0500018	0.500026	0.160009	
1045	0.0500018	0.500026	0.160009	
1046	0.0500018	0.500026	0.160009	
1047	0.0500018	0.500026	0.160009	
1048	0.0500018	0.500026	0.160009	
1049	0.0500018	0.500026	0.160009	
1050	0.0500018	0.500026	0.160009	
1051	0.0500018	0.500026	0.160009	
1052	0.0500018	0.500026	0.160009	
1053	0.0500018	0.500026	0.160009	
1054	0.0500018	0.500026	0.160009	
1055	0.0500018	0.500026	0.160009	
1056	0.0500018	0.500026	0.160009	
1057	0.0500018	0.500026	0.160009	
1058	0.0500018	0.500026	0.160009	
1059	0.0500018	0.500026	0.160009	
1060	0.0500018	0.500026	0.160009	
1061	0.0500018	0.500026	0.160009	
1062	0.0500018	0.500026	0.160009	
1063	0.0500018	0.500026	0.160009	
1064	0.0500018	0.500026	0.160009	
1065	0.0500018	0.500026	0.160009	
1066	0.0500018	0.500026	0.160009	
1067	0.0500018	0.500026	0.160009	
1068	0.0500018	0.500026	0.160009	
1069	0.0500018	0.500026	0.160009	
1070	0.0500018	0.500026	0.160009	
1071	0.0500018	0.500026	0.160009	
1072	0.0500018	0.500026	0.160009	
1073	0.0500018	0.500026	0.160009	
1074	0.0500018	0.500026	0.160009	
1075	0.0500018	0.500026	0.160009	
1076	0.0500018	0.500026	0.160009	
1077	0.0500018	0.500026	0.160009	
1078	0.0500018	0.500026	0.160009	
1079	0.0500018	0.500026	0.160009	
1080	0.0500018	0.500026	0.160009	
1081	0.0500018	0.500026	0.160009	
1082	0.0500018	0.500026	0.160009	
1083	0.0500018	0.500026	0.160009	
1084	0.0500018	0.500026	0.160009	
1085	0.0500018	0.500026	0.160009	
1086	0.0500018	0.500026	0.160009	
1087	0.0500018	0.500026	0.160009	
1088	0.0500018	0.500026	0.160009	
1089	0.0500018	0.500026	0.160009	
1090	0.0500018	0.500026	0.160009	
1091	0.0500018	0.500026	0.160009	
1092	0.0500018	0.500026	0.160009	
1093	0.0500018	0.500026	0.160009	
1094	0.0500018	0.500026	0.160009	
1095	0.0500018	0.500026	0.160009	
1096	0.0500018	0.500026	0.160009	
1097	0.0500018	0.500026	0.160009	
1098	0.0500018	0.500026	0.160009	
1099	0.0500018	0.500026	0.160009	
1100	0.0500018	0.500026	0.160009	
1101	0.0500018	0.500026	0.160009	
1102	0.0500018	0.500026	0.160009	
1103	0.0500018	0.500026	0.160009	
1104	0.0500018	0.500026	0.160009	
1105	0.0500018	0.500026	0.160009	
1106	0.0500018	0.500026	0.160009	
1107	0.0500018	0.500026	0.160009	
1108	0.0500018	0.500026	0.160009	
1109	0.0500018	0.500026	0.160009	
1110	0.0500018	0.500026	0.160009	
1111	0.0500018	0.500026	0.160009	
1112	0.0500018	0.500026	0.160009	
1113	0.0500018	0.500026	0.160009	
1114	0.0500018	0.500026	0.160009	
1115	0.0500018	0.500026	0.160009	
1116	0.0500018	0.500026	0.160009	
1117	0.0500018	0.500026	0.160009	
1118	0.0500018	0.500026	0.160009	
1119	0.0500018	0.500026	0.160009	
1120	0.0500018	0.500026	0.160009	
1121	0.0500018	0.500026	0.160009	
1122	0.0500018	0.500026	0.160009	
1123	0.0500018	0.500026	0.160009	
1124	0.0500018	0.500026	0.160009	
1125	0.0500018	0.500026	0.160009	
1126	0.0500018	0.500026	0.160009	
1127	0.0500018	0.500026	0.160009	
1128	0.0500018	0.500026	0.160009	
1129	0.0500018	0.500026	0.160009	
1130	0.0500018	0.500026	0.160009	
1131	0.0500018	0.500026	0.160009	
1132	0.0500018	0.500026	0.160009	
1133	0.0500018	0.500026	0.160009	
1134	0.0500018	0.500026	0.160009	
1135	0.0500018	0.500026	0.160009	
1136	0.0500018	0.500026	0.160009	
1137	0.0500018	0.500026	0.160009	
1138	0.0500018	0.500026	0.160009	
1139	0.0500018	0.500026	0.160009	
1140	0.0500018	0.500026	0.160009	
1141	0.0500018	0.500026	0.160009	
1142	0.0500018	0.500026	0.160009	
1143	0.0500018	0.500026	0.160009	
1144	0.0500018	0.500026	0.160009	
1145	0.0500018	0.500026	0.160009	
1146	0.0500018	0.500026	0.160009	
1147	0.0500018	0.500026	0.160009	
1148	0.0500018	0.500026	0.160009	
1149	0.0500018	0.500026	0.160009	
1150	0.0500018	0.500026	0.160009	
1151	0.0500018	0.500026	0.160009	
1152	0.0500018	0.500026	0.160009	
1153	0.0500018	0.500026	0.160009	
1154	0.0500018	0.500026	0.160009	
1155	0.0500018	0.500026	0.160009	
1156	0.0500018	0.500026	0.160009	
1157	0.0500018	0.500026	0.160009	
1158	0.0500018	0.500026	0.160009	
1159	0.0500018	0.500026	0.160009	
1160	0.0500018	0.500026	0.160009	
1161	0.0500018	0.500026	0.160009	
1162	0.0500018	0.500026	0.160009	
1163	0.0500018	0.500026	0.160009	
1164	0.0500018	0.500026	0.160009	
1165	0.0500018	0.500026	0.160009	
1166	0.0500018	0.500026	0.160009	
1167	0.0500018	0.500026	0.160009	
1168	0.0500018	0.500026	0.160009	
1169	0.0500018	0.500026	0.160009	
1170	0.0500018	0.500026	0.160009	
1171	0.0500018	0.500026	0.160009	
1172	0.0500018	0.500026	0.160009	
1173	0.0500018	0.500026	0.160009	
1174	0.0500018	0.500026	0.160009	
1175	0.0500018	0.500026	0.160009	
1176	0.0500018	0.500026	0.160009	
1177	0.0500018	0.500026	0.160009	
1178	0.0500018	0.500026	0.160009	
1179	0.0500018	0.500026	0.160009	
1180	0.0500018	0.500026	0.160009	
1181	0.0500018	0.500026	0.160009	
1182	0.0500018	0.500026	0.160009	
1183	0.0500018	0.500026	0.160009	
1184	0.0500018	0.500026	0.160009	
1185	0.0500018	0.500026	0.160009	
1186	0.0500018	0.500026	0.160009	
1187	0.0500018	0.500026	0.160009	
1188	0.0500018	0.500026	0.160009	
1189	0.0500018	0.500026	0.160009	
1190	0.0500018	0.500026	0.160009	
1191	0.0500018	0.500026	0.160009	
1192	0.0500018	0.500026	0.160009	
1193	0.0500018	0.500026	0.160009	
1194	0.0500018	0.500026	0.160009	
1195	0.0500018	0.500026	0.160009	
1196	0.0500018	0.500026	0.160009	
1197	0.0500018	0.500026	0.160009	
1198	0.0500018	0.500026	0.160009	
1199	0.0500018	0.500026	0.160009	
1200	0.0500018	0.500026	0.160009	
1201	0.0500018	0.500026	0.160009	
1202	0.0500018	0.500026	0.160009	
1203	0.0500018	0.500026	0.160009	
1204	0.0500018	0.500026	0.160009	
1205	0.0500018	0.500026	0.160009	
1206	0.0500018	0.500026	0.160009	
1207	0.0500018	0.500026	0.160009	
1208	0.0500018	0.500026	0.160009	
1209	0.0500018	0.500026	0.160009	
1210	0.0500018	0.500026	0.160009	
1211	0.0500018	0.500026	0.160009	
1212	0.0500018	0.500026	0.160009	
1213	0.0500018	0.500026	0.160009	
1214	0.0500018	0.500026	0.160009	
1215	0.0500018	0.500026	0.160009	
1216	0.0500018	0.500026	0.160009	
1217	0.0500018	0.500026	0.160009	
1218	0.0500018	0.500026	0.160009	
1219	0.0500018	0.500026	0.160009	
1220	0.0500018	0.500026	0.160009	
1221	0.0500018	0.500026	0.160009	
1222	0.0500018	0.500026	0.160009	
1223	0.0500018	0.500026	0.160009	
1224	0.0500018	0.500026	0.160009	
1225	0.0500018	0.500026	0.160009	
1226	0.0500018	0.500026	0.160009	
1227	0.0500018	0.500026	0.160009	
1228	0.0500018	0.500026	0.160009	
1229	0.0500018	0.500026	0.160009	
1230	0.0500018	0.500026	0.160009	
1231	0.0500018	0.500026	0.160009	
1232	0.0500018	0.500026	0.160009	
1233	0.0500018	0.500026	0.160009	
1234	0.0500018	0.500026	0.160009	
1235	0.0500018	0.500026	0.160009	
1236	0.0500018	0.500026	0.160009	
1237	0.0500018	0.500026	0.160009	
1238	0.0500018	0.500026	0.160009	
1239	0.0500018	0.500026	0.160009	
1240	0.0500018	0.500026	0.160009	
1241	0.0500018	0.500026	0.160009	
1242	0.0500018	0.500026	0.160009	
1243	0.0500018	0.500026	0.160009	
1244	0.0500018	0.500026	0.160009	
1245	0.0500018	0.500026	0.160009	
1246	0.0500018	0.500026	0.160009	
1247	0.0500018	0.500026	0.160009	
1248	0.0500018	0.500026	0.160009	
1249	0.0500018	0.500026	0.160009	
1250	0.0500018	0.500026	0.160009	
1251	0.0500018	0.500026	0.160009	
1252	0.0500018	0.500026	0.160009	
1253	0.0500018	0.500026	0.160009	
1254	0.0500018	0.500026	0.160009	
1255	0.0500018	0.500026	0.160009	
1256	0.0500018	0.500026	0.160009	
1257	0.0500018	0.500026	0.160009	
1258	0.0500018	0.500026	0.160009	
1259	0.0500018	0.500026	0.160009	
1260	0.0500018	0.500026	0.160009	
1261	0.0500018	0.500026	0.160009	
1262	0.0500018	0.500026	0.160009	
1263	0.0500018	0.500026	0.160009	
1264	0.0500018	0.500026	0.160009	
1265	0.0500018	0.500026	0.160009	
1266	0.0500018	0.500026	0.160009	
1267	0.0500018	0.500026	0.160009	
1268	0.0500018	0.500026	0.160009	
1269	0.0500018	0.500026	0.160009	
1270	0.0500018	0.500026	0.160009	
1271	0.0500018	0.500026	0.160009	
1272	0.0500018	0.500026	0.160009	
1273	0.0500018	0.500026	0.160009	
1274	0.0500018	0.500026	0.160009	
1275	0.0500018	0.500026	0.160009	
1276	0.0500018	0.500026	0.160009	
1277	0.0500018	0.500026	0.160009	
1278	0.0500018	0.500026	0.160009	
1279	0.0500018	0.500026	0.160009	
1280	0.0500018	0.500026	0.160009	
1281	0.0500018	0.500026	0.160009	
1282	0.0500018	0.500026	0.160009	
1283	0.0500018	0.500026	0.160009	
1284	0.0500018	0.500026	0.160009	
1285	0.0500018	0.500026	0.160009	
1286	0.0500018	0.500026	0.160009	
1287	0.0500018	0.500026	0.160009	
1288	0.0500018	0.500026	0.160009	
1289	0.0500018	0.500026	0.160009	
1290	0.0500018	0.500026	0.160009	
1291	0.0500018	0.500026	0.160009	
1292	0.0500018	0.500026	0.160009	
1293	0.0500018	0.500026	0.160009	
1294	0.0500018	0.500026	0.160009	
1295	0.0500018	0.500026	0.160009	
1296	0.0500018	0.500026	0.160009	
1297	0.0500018	0.500026	0.160009	
1298	0.0500018	0.500026	0.160009	
1299	0.0500018	0.500026	0.160009	
1300	0.0500018	0.500026	0.160009	
1301	0.0500018	0.500026	0.160009	
1302	0.0500018	0.500026	0.160009	
1303	0.0500018	0.500026	0.160009	
1304	0.0500018	0.500026	0.160009	
1305	0.0500018	0.500026	0.160009	
1306	0.0500018	0.500026	0.160009	
1307	0.0500018	0.500026	0.160009	
1308	0.0500018	0.500026	0.160009	
1309	0.0500018	0.500026	0.160009	
1310	0.0500018	0.500026	0.160009	
1311	0.0500018	0.500026	0.160009	
1312	0.0500018	0.500026	0.160009	
1313	0.0500018	0.500026	0.160009	
1314	0.0500018	0.500026	0.160009	
1315	0.0500018	0.500026	0.160009	
1316	0.0500018	0.500026	0.160009	
1317	0.0500018	0.500026	0.160009	
1318	0.0500018	0.500026	0.160009	
1319	0.0500018	0.500026	0.160009	
1320	0.0500018	0.500026	0.160009	
1321	0.0500018	0.500026	0.160009	
1322	0.0500018	0.500026	0.160009	
1323	0.0500018	0.500026	0.160009	
1324	0.0500018	0.500026	0.160009	
1325	0.0500018	0.500026	0.160009	
1326	0.0500018	0.500026	0.160009	
1327	0.0500018	0.500026	0.160009	
1328	0.0500018	0.500026	0.160009	
1329	0.0500018	0.500026	0.160009	
1330	0.0500018	0.500026	0.160009	
1331	0.0500018	0.500026	0.160009	
1332	0.0500018	0.500026	0.160009	
1333	0.0500018	0.500026	0.160009	
1334	0.0500018	0.500026	0.160009	
1335	0.0500018	0.500026	0.160009	
1336	0.0500018	0.500026	0.160009	
1337	0.0500018	0.500026	0.160009	
1338	0.0500018	0.500026	0.160009	
1339	0.0500018	0.500026	0.160009	
1340	0.0500018	0.500026	0.160009	
1341	0.0500018	0.500026	0.160009	
1342	0.0500018	0.500026	0.160009	
1343	0.0500018	0.500026	0.160009	
1344	0.0500018	0.500026	0.160009	
1345	0.0500018	0.500026	0.160009	
1346	0.0500018	0.500026	0.160009	
1347	0.0500018	0.500026	0.160009	
1348	0.0500018	0.500026	0.160009	
1349	0.0500018	0.500026	0.160009	
1350	0.0500018	0.500026	0.160009	
1351	0.0500018	0.500026	0.160009	
1352	0.0500018	0.500026	0.160009	
1353	0.0500018	0.500026	0.160009	
1354	0.0500018	0.500026	0.160009	
1355	0.0500018	0.500026	0.160009	
1356	0.0500018	0.500026	0.160009	
1357	0.0500018	0.500026	0.160009	
1358	0.0500018	0.500026	0.160009	
1359	0.0500018	0.500026	0.160009	
1360	0.0500018	0.500026	0.160009	
1361	0.0500018	0.500026	0.160009	
1362	0.0500018	0.500026	0.160009	
1363	0.0500018	0.500026	0.160009	
1364	0.0500018	0.500026	0.160009	
1365	0.0500018	0.500026	0.160009	
1366	0.0500018	0.500026	0.160009	
1367	0.0500018	0.500026	0.160009	
1368	0.0500018	0.500026	0.160009	
1369	0.0500018	0.500026	0.160009	
1370	0.0500018	0.500026	0.160009	
1371	0.0500018	0.500026	0.160009	
1372	0.0500018	0.500026	0.160009	
1373	0.0500018	0.500026	0.160009	
1374	0.0500018	0.500026	0.160009	
1375	0.0500018	0.500026	0.160009	
1376	0.0500018	0.500026	0.160009	
1377	0.0500018	0.500026	0.160009	
1378	0.0500018	0.500026	0.160009	
1379	0.0500018	0.500026	0.160009	
1380	0.0500018	0.500026	0.160009	
1381	0.0500018	0.500026	0.160009	
1382	0.0500018	0.500026	0.160009	
1383	0.0500018	0.500026	0.160009	
1384	0.0500018	0.500026	0.160009	
1385	0.0500018	0.500026	0.160009	
1386	0.0500018	0.500026	0.160009	
1387	0.0500018	0.500026	0.160009	
1388	0.0500018	0.500026	0.160009	
1389	0.0500018	0.500026	0.160009	
1390	0.0500018	0.500026	0.160009	
1391	0.0500018	0.500026	0.160009	
1392	0.0500018	0.500026	0.160009	
1393	0.0500018	0.500026	0.160009	
1394	0.0500018	0.500026	0.160009	
1395	0.0500018	0.500026	0.160009	
1396	0.0500018	0.500026	0.160009	
1397	0.0500018	0.500026	0.160009	
1398	0.0500018	0.500026	0.160009	
1399	0.0500018	0.500026	0.160009	
1400	0.0500018	0.500026	0.160009	
1401	0.0500018	0.500026	0.160009	
1402	0.0500018	0.500026	0.160009	
1403	0.0500018	0.500026	0.160009	
1404	0.0500018	0.500026	0.160009	
1405	0.0500018	0.500026	0.160009	
1406	0.0500018	0.500026	0.160009	
1407	0.0500018	0.500026	0.160009	
1408	0.0500018	0.500026	0.160009	
1409	0.0500018	0.500026	0.160009	
1410	0.0500018	0.500026	0.160009	
1411	0.0500018	0.500026	0.160009	
1412	0.0500018	0.500026	0.160009	
1413	0.0500018	0.500026	0.160009	
1414	0.0500018	0.500026	0.160009	
1415	0.0500018	0.500026	0.160009	
1416	0.0500018	0.500026	0.160009	
1417	0.0500018	0.500026	0.160009	
1418	0.0500018	0.500026	0.160009	
1419	0.0500018	0.500026	0.160009	
1420	0.0500018	0.500026	0.160009	
1421	0.0500018	0.500026	0.160009	
1422	0.0500018	0.500026	0.160009	
1423	0.0500018	0.500026	0.160009	
1424	0.0500018	0.500026	0.160009	
1425	0.0500018	0.500026	0.160009	
1426	0.0500018	0.500026	0.160009	
1427	0.0500018	0.500026	0.160009	
1428	0.0500018	0.500026	0.160009	
1429	0.0500018	0.500026	0.160009	
1430	0.0500018	0.500026	0.160009	
1431	0.0500018	0.500026	0.160009	
1432	0.0500018	0.500026	0.160009	
1433	0.0500018	0.500026	0.160009	
1434	0.0500018	0.500026	0.160009	
1435	0.0500018	0.500026	0.160009	
1436	0.0500018	0.500026	0.160009	
1437	0.0500018	0.500026	0.160009	
1438	0.0500018	0.500026	0.160009	
1439	0.0500018	0.500026	0.160009	
1440	0.0500018	0.500026	0.160009	
1441	0.0500018	0.500026	0.160009	
1442	0.0500018	0.500026	0.160009	
1443	0.0500018	0.500026	0.160009	
1444	0.0500018	0.500026	0.160009	
1445	0.0500018	0.500026	0.160009	
1446	0.0500018	0.500026	0.160009	
1447	0.0500018	0.500026	0.160009	
1448	0.0500018	0.500026	0.160009	
1449	0.0500018	0.500026	0.160009	
1450	0.0500018	0.500026	0.160009	
1451	0.0500018	0.500026	0.160009	
1452	0.0500018	0.500026	0.160009	
1453	0.0500018	0.500026	0.160009	
1454	0.0500018	0.500026	0.160009	
1455	0.0500018	0.500026	0.160009	
1456	0.0500018	0.500026	0.160009	
1457	0.0500018	0.500026	0.160009	
1458	0.0500018	0.500026	0.160009	
1459	0.0500018	0.500026	0.160009	
1460	0.0500018	0.500026	0.160009	
1461	0.0500018	0.500026	0.160009	
1462	0.0500018	0.500026	0.160009	
1463	0.0500018	0.500026	0.160009	
1464	0.0500018	0.500026	0.160009	
1465	0.0500018	0.500026	0.160009	
1466	0.0500018	0.500026	0.160009	
1467	0.0500018	0.500026	0.160009	
1468	0.0500018	0.500026	0.160009	
1469	0.0500018	0.500026	0.160009	
1470	0.0500018	0.500026	0.160009	
1471	0.0500018	0.500026	0.160009	
1472	0.0500018	0.500026	0.160009	
1473	0.0500018	0.500026	0.160009	
1474	0.0500018	0.500026	0.160009	
1475	0.0500018	0.500026	0.160009	
1476	0.0500018	0.500026	0.160009	
1477	0.0500018	0.500026	0.160009	
1478	0.0500018	0.500026	0.160009	
1479	0.0500018	0.500026	0.160009	
1480	0.0500018	0.500026	0.160009	
1481	0.0500018	0.500026	0.160009	
1482	0.0500018	0.500026	0.160009	
1483	0.0500018	0.500026	0.160009	
1484	0.0500018	0.500026	0.160009	
1485	0.0500018	0.500026	0.160009	
1486	0.0500018	0.500026	0.160009	
1487	0.0500018	0.500026	0.160009	
1488	0.0500018	0.500026	0.160009	
1489	0.0500018	0.500026	0.160009	
1490	0.0500018	0.500026	0.160009	
1491	0.0500018	0.500026	0.160009	
1492	0.0500018	0.500026	0.160009	
1493	0.0500018	0.500026	0.160009	
1494	0.0500018	0.500026	0.160009	
1495	0.0500018	0.500026	0.160009	
1496	0.0500018	0.500026	0.160009	
1497	0.0500018	0.500026	0.160009	
1498	0.0500018	0.500026	0.160009	
1499	0.0500018	0.500026	0.160009	
1500	0.0500018	0.500026	0.160009	
1501	0.0500018	0.500026	0.160009	
1502	0.0500018	0.500026	0.160009	
1503	0.0500018	0.500026	0.160009	
1504	0.0500018	0.500026	0.160009	
1505	0.0500018	0.500026	0.160009	
1506	0.0500018	0.500026	0.160009	
1507	0.0500018	0.500026	0.160009	
1508	0.0500018	0.500026	0.160009	
1509	0.0500018	0.500026	0.160009	
1510	0.0500018	0.500026	0.160009	
1511	0.0500018	0.500026	0.160009	
1512	0.0500018	0.500026	0.160009	
1513	0.0500018	0.500026	0.160009	
1514	0.0500018	0.500026	0.160009	
1515	0.0500018	0.500026	0.160009	
1516	0.0500018	0.500026	0.160009	
1517	0.0500018	0.500026	0.160009	
1518	0.0500018	0.500026	0.160009	
1519	0.0500018	0.500026	0.160009	
1520	0.0500018	0.500026	0.160009	
1521	0.0500018	0.500026	0.160009	
1522	0.0500018	0.500026	0.160009	
1523	0.0500018	0.500026	0.160009	
1524	0.0500018	0.500026	0.160009	
1525	0.0500018	0.500026	0.160009	
1526	0.0500018	0.500026	0.160009	
1527	0.0500018	0.500026	0.160009	
1528	0.0500018	0.500026	0.160009	
1529	0.0500018	0.500026	0.160009	
1530	0.0500018	0.500026	0.160009	
1531	0.0500018	0.500026	0.160009	
1532	0.0500018	0.500026	0.160009	
1533	0.0500018	0.500026	0.160009	
1534	0.0500018	0.500026	0.160009	
1535	0.0500018	0.500026	0.160009	
1536	0.0500018	0.500026	0.160009	
1537	0.0500018	0.500026	0.160009	
1538	0.0500018	0.500026	0.160009	
1539	0.0500018	0.500026	0.160009	
1540	0.0500018	0.500026	0.160009	
1541	0.0500018	0.500026	0.160009	
1542	0.0500018	0.500026	0.160009	
1543	0.0500018	0.500026	0.160009	
1544	0.0500018	0.500026	0.160009	
1545	0.0500018	0.500026	0.160009	
1546	0.0500018	0.500026	0.160009	
1547	0.0500018	0.500026	0.160009	
1548	0.0500018	0.500026	0.160009	
1549	0.0500018	0.500026	0.160009	
1550	0.0500018	0.500026	0.160009	
1551	0.0500018	0.500026	0.160009	
1552	0.0500018	0.500026	0.160009	
1553	0.0500018	0.500026	0.160009	
1554	0.0500018	0.500026	0.160009	
1555	0.0500018	0.500026	0.160009	
1556	0.0500018	0.500026	0.160009	
1557	0.0500018	0.500026	0.160009	
1558	0.0500018	0.500026	0.160009	
1559	0.0500018	0.500026	0.160009	
1560	0.0500018	0.500026	0.160009	
1561	0.0500018	0.500026	0.160009	
1562	0.0500018	0.500026	0.160009	
1563	0.0500018	0.500026	0.160009	
1564	0.0500018	0.500026	0.160009	
1565	0.0500018	0.500026	0.160009	
1566	0.0500018	0.500026	0.160009	
1567	0.0500018	0.500026	0.160009	
1568	0.0500018	0.500026	0.160009	
1569	0.0500018	0.500026	0.160009	
1570	0.0500018	0.500026	0.160009	
1571	0.0500018	0.500026	0.160009	
1572	0.0500018	0.500026	0.160009	
1573	0.0500018	0.500026	0.160009	
1574	0.0500018	0.500026	0.160009	
1575	0.0500018	0.500026	0.160009	
1576	0.0500018	0.500026	0.160009	
1577	0.0500018	0.500026	0.160009	
1578	0.0500018	0.500026	0.160009	
1579	0.0500018	0.500026	0.160009	
1580	0.0500018	0.500026	0.160009	
1581	0.0500018	0.500026	0.160009	
1582	0.0500018	0.500026	0.160009	
1583	0.0500018	0.500026	0.160009	
1584	0.0500018	0.500026	0.160009	
1585	0.0500018	0.500026	0.160009	
1586	0.0500018	0.500026	0.160009	
1587	0.0500018	0.500026	0.160009	
1588	0.0500018	0.500026	0.160009	
1589	0.0500018	0.500026	0.160009	
1590	0.0500018	0.500026	0.160009	
1591	0.0500018	0.500026	0.160009	
1592	0.0500018	0.500026	0.160009	
1593	0.0500018	0.500026	0.160009	
1594	0.0500018	0.500026	0.160009	
1595	0.0500018	0.500026	0.160009	
1596	0.0500018	0.500026	0.160009	
1597	0.0500018	0.500026	0.160009	
1598	0.0500018	0.500026	0.160009	
1599	0.0500018	0.500026	0.160009	
1600	0.0500018	0.500026	0.160009	
1601	0.0500018	0.500026	0.160009	
1602	0.0500018	0.500026	0.160009	
1603	0.0500018	0.500026	0.160009	
1604	0.0500018	0.500026	0.160009	
1605	0.0500018	0.500026	0.160009	
1606	0.0500018	0.500026	0.160009	
1607	0.0500018	0.500026	0.160009	
1608	0.0500018	0.500026	0.160009	
1609	0.0500018	0.500026	0.160009	
1610	0.0500018	0.500026	0.160009	
1611	0.0500018	0.500026	0.160009	
1612	0.0500018	0.500026	0.160009	
1613	0.0500018	0.500026	0.160009	
1614	0.0500018	0.500026	0.160009	
1615	0.0500018	0.500026	0.160009	
1616	0.0500018	0.500026	0.160009	
1617	0.0500018	0.500026	0.160009	
1618	0.0500018	0.500026	0.160009	
1619	0.0500018	0.500026	0.160009	
1620	0.0500018	0.500026	0.160009	
1621	0.0500018	0.500026	0.160009	
1622	0.0500018	0.500026	0.160009	
1623	0.0500018	0.500026	0.160009	
1624	0.0500018	0.500026	0.160009	
1625	0.0500018	0.500026	0.160009	
1626	0.0500018	0.500026	0.160009	
1627	0.0500018	0.500026	0.160009	
1628	0.0500018	0.500026	0.160009	
1629	0.0500018	0.500026	0.160009	
1630	0.0500018	0.500026	0.160009	
1631	0.0500018	0.500026	0.160009	
1632	0.0500018	0.500026	0.160009	
1633	0.0500018	0.500026	0.160009	
1634	0.0500018	0.500026	0.160009	
1635	0.0500018	0.500026	0.160009	
1636	0.0500018	0.500026	0.160009	
1637	0.0500018	0.500026	0.160009	
1638	0.0500018	0.500026	0.160009	
1639	0.0500018	0.500026	0.160009	
1640	0.0500018	0.500026	0.160009	
1641	0.0500018	0.500026	0.160009	
1642	0.0500018	0.500026	0.160009	
1643	0.0500018	0.500026	0.160009	
1644	0.0500018	0.500026	0.160009	
1645	0.0500018	0.500026	0.160009	
1646	0.0500018	0.500026	0.160009	
1647	0.0500018	0.500026	0.160009	
1648	0.0500018	0.500026	0.160009	
1649	0.0500018	0.500026	0.160009	
1650	0.0500018	0.500026	0.160009	
1651	0.0500018	0.500026	0.160009	
1652	0.0500018	0.500026	0.160009	
1653	0.0500018	0.500026	0.160009	
1654	0.0500018	0.500026	0.160009	
1655	0.0500018	0.500026	0.160009	
1656	0.0500018	0.500026	0.160009	
1657	0.0500018	0.500026	0.160009	
1658	0.0500018	0.500026	0.160009	
1659	0.0500018	0.500026	0.160009	
1660	0.0500018	0.500026	0.160009	
1661	0.0500018	0.500026	0.160009	
1662	0.0500018	0.500026	0.160009	
1663	0.0500018	0.500026	0.160009	
1664	0.0500018	0.500026	0.160009	
1665	0.0500018	0.500026	0.160009	
1666	0.0500018	0.500026	0.160009	
1667	0.0500018	0.500026	0.160009	
1668	0.0500018	0.500026	0.160009	
1669	0.0500018	0.500026	0.160009	
1670	0.0500018	0.500026	0.160009	
1671	0.0500018	0.500026	0.160009	
1672	0.0500018	0.500026	0.160009	
1673	0.0500018	0.500026	0.160009	
1674	0.0500018	0.500026	0.160009	
1675	0.0500018	0.500026	0.160009	
1676	0.0500018	0.500026	0.160009	
1677	0.0500018	0.500026	0.160009	
1678	0.0500018	0.500026	0.160009	
1679	0.0500018	0.500026	0.160009	
1680	0.0500018	0.500026	0.160009	
1681	0.0500018	0.500026	0.160009	
1682	0.0500018	0.500026	0.160009	
1683	0.0500018	0.500026	0.160009	
1684	0.0500018	0.500026	0.160009	
1685	0.0500018	0.500026	0.160009	
1686	0.0500018	0.500026	0.160009	
1687	0.0500018	0.500026	0.160009	
1688	0.0500018	0.500026	0.160009	
1689	0.0500018	0.500026	0.160009	
1690	0.0500018	0.500026	0.160009	
1691	0.0500018	0.500026	0.160009	
1692	0.0500018	0.500026	0.160009	
1693	0.0500018	0.500026	0.160009	
1694	0.0500018	0.500026	0.160009	
1695	0.0500018	0.500026	0.160009	
1696	0.0500018	0.500026	0.160009	
1697	0.0500018	0.500026	0.160009	
1698	0.0500018	0.500026	0.160009	
1699	0.0500018	0.500026	0.160009	
1700	0.0500018	0.500026	0.160009	
1701	0.0500018	0.500026	0.160009	
1702	0.0500018	0.500026	0.160009	
1703	0.0500018	0.500026	0.160009	
1704	0.0500018	0.500026	0.160009	
1705	0.0500018	0.500026	0.160009	
1706	0.0500018	0.500026	0.160009	
1707	0.0500018	0.500026	0.160009	
1708	0.0500018	0.500026	0.160009	
1709	0.0500018	0.500026	0.160009	
1710	0.0500018	0.500026	0.160009	
1711	0.0500018	0.500026	0.160009	
1712	0.0500018	0.500026	0.160009	
1713	0.0500018	0.500026	0.160009	
1714	0.0500018	0.500026	0.160009	
1715	0.0500018	0.500026	0.160009	
1716	0.0500018	0.500026	0.160009	
1717	0.0500018	0.500026	0.160009	
1718	0.0500018	0.500026	0.160009	
1719	0.0500018	0.500026	0.160009	
1720	0.0500018	0.500026	0.160009	
1721	0.0500018	0.500026	0.160009	
1722	0.0500018	0.500026	0.160009	
1723	0.0500018	0.500026	0.160009	
1724	0.0500018	0.500026	0.160009	
1725	0.0500018	0.500026	0.160009	
1726	0.0500018	0.500026	0.160009	
1727	0.0500018	0.500026	0.160009	
1728	0.0500018	0.500026	0.160009	
1729	0.0500018	0.500026	0.160009	
1730	0.0500018	0.500026	0.160009	
1731	0.0500018	0.500026	0.160009	
1732	0.0500018	0.500026	0.160009	
1733	0.0500018	0.500026	0.160009	
1734	0.0500018	0.500026	0.160009	
1735	0.0500018	0.500026	0.160009	
1736	0.0500018	0.500026	0.160009	
1737	0.0500018	0.500026	0.160009	
1738	0.0500018	0.500026	0.160009	
1739	0.0500018	0.500026	0.160009	
1740	0.0500018	0.500026	0.160009	
1741	0.0500018	0.500026	0.160009	
1742	0.0500018	0.500026	0.160009	
1743	0.0500018	0.500026	0.160009	
1744	0.0500018	0.500026	0.160009	
1745	0.0500018	0.500026	0.160009	
1746	0.0500018	0.500026	0.160009	
1747	0.0500018	0.500026	0.160009	
1748	0.0500018	0.500026	0.160009	
1749	0.0500018	0.500026	0.160009	
1750	0.0500018	0.500026	0.160009	
1751	0.0500018	0.500026	0.160009	
1752	0.0500018	0.500026	0.160009	
1753	0.0500018	0.500026	0.160009	
1754	0.0500018	0.500026	0.160009	
1755	0.0500018	0.500026	0.160009	
1756	0.0500018	0.500026	0.160009	
1757	0.0500018	0.500026	0.160009	
1758	0.0500018	0.500026	0.160009	
1759	0.0500018	0.500026	0.160009	
1760	0.0500018	0.500026	0.160009	
1761	0.0500018	0.500026	0.160009	
1762	0.0500018	0.500026	0.160009	
1763	0.0500018	0.500026	0.160009	
1764	0.0500018	0.500026	0.160009	
1765	0.0500018	0.500026	0.160009	
1766	0.0500018	0.500026	0.160009	
1767	0.0500018	0.500026	0.160009	
1768	0.0500018	0.500026	0.160009	
1769	0.0500018	0.500026	0.160009	
1770	0.0500018	0.500026	0.160009	
1771	0.0500018	0.500026	0.160009	
1772	0.0500018	0.500026	0.160009	
1773	0.0500018	0.500026	0.160009	
1774	0.0500018	0.500026	0.160009	
1775	0.0500018	0.500026	0.160009	
1776	0.0500018	0.500026	0.160009	
1777	0.0500018	0.500026	0.160009	
1778	0.0500018	0.500026	0.160009	
1779	0.0500018	0.500026	0.160009	
1780	0.0500018	0.500026	0.160009	
1781	0.0500018	0.500026	0.160009	
1782	0.0500018	0.500026	0.160009	
1783	0.0500018	0.500026	0.160009	
1784	0.0500018	0.500026	0.160009	
1785	0.0500018	0.500026	0.160009	
1786	0.0500018	0.500026	0.160009	
1787	0.0500018	0.500026	0.160009	
1788	0.0500018	0.500026	0.160009	
1789	0.0500018	0.500026	0.160009	
1790	0.0500018	0.500026	0.160009	
1791	0.0500018	0.500026	0.160009	
1792	0.0500018	0.500026	0.160009	
1793	0.0500018	0.500026	0.160009	
1794	0.0500018	0.500026	0.160009	
1795	0.0500018	0.500026	0.160009	
1796	0.0500018	0.500026	0.160009	
1797	0.0500018	0.500026	0.160009	
1798	0.0500018	0.500026	0.160009	
1799	0.0500018	0.500026	0.160009	
1800	0.0500018	0.500026	0.160009	
1801	0.0500018	0.500026	0.160009	
1802	0.0500018	0.500026	0.160009	
1803	0.0500018	0.500026	0.160009	
1804	0.0500018	0.500026	0.160009	
1805	0.0500018	0.500026	0.160009	
1806	0.0500018	0.500026	0.160009	
1807	0.0500018	0.500026	0.160009	
1808	0.0500018	0.500026	0.160009	
1809	0.0500018	0.500026	0.160009	
1810	0.0500018	0.500026	0.160009	
1811	0.0500018	0.500026	0.160009	
1812	0.0500018	0.500026	0.160009	
1813	0.0500018	0.500026	0.160009	
1814	0.0500018	0.500026	0.160009	
1815	0.0500018	0.500026	0.160009	
1816	0.0500018	0.500026	0.160009	
1817	0.0500018	0.500026	0.160009	
1818	0.0500018	0.500026	0.160009	
1819	0.0500018	0.500026	0.160009	
1820	0.0500018	0.500026	0.160009	
1821	0.0500018	0.500026	0.160009	
1822	0.0500018	0.500026	0.160009	
1823	0.0500018	0.500026	0.160009	
1824	0.0500018	0.500026	0.160009	
1825	0.0500018	0.500026	0.160009	
1826	0.0500018	0.500026	0.160009	
1827	0.0500018	0.500026	0.160009	
1828	0.0500018	0.500026	0.160009	
1829	0.0500018	0.500026	0.160009	
1830	0.0500018	0.500026	0.160009	
1831	0.0500018	0.500026	0.160009	
1832	0.0500018	0.500026	0.160009	
1833	0.0500018	0.500026	0.160009	
1834	0.0500018	0.500026	0.160009	
1835	0.0500018	0.500026	0.160009	
1836	0.0500018	0.500026	0.160009	
1837	0.0500018	0.500026	0.160009	
1838	0.0500018	0.500026	0.160009	
1839	0.0500018	0.500026	0.160009	
1840	0.0500018	0.500026	0.160009	
1841	0.0500018	0.500026	0.160009	
1842	0.0500018	0.500026	0.160009	
1843	0.0500018	0.500026	0.160009	
1844	0.0500018	0.500026	0.160009	
1845	0.0500018	0.500026	0.160009	
1846	0.0500018	0.500026	0.160009	
1847	0.0500018	0.500026	0.160009	
1848	0.0500018	0.500026	0.160009	
1849	0.0500018	0.500026	0.160009	
1850	0.0500018	0.500026	0.160009	
1851	0.0500018	0.500026	0.160009	
1852	0.0500018	0.500026	0.160009	
1853	0.0500018	0.500026	0.160009	
1854	0.0500018	0.500026	0.160009	
1855	0.0500018	0.500026	0.160009	
1856	0.0500018	0.500026	0.160009	
1857	0.0500018	0.500026	0.160009	
1858	0.0500018	0.500026	0.160009	
1859	0.0500018	0.500026	0.160009	
1860	0.0500018	0.500026	0.160009	
1861	0.0500018	0.500026	0.160009	
1862	0.0500018	0.500026	0.160009	
1863	0.0500018	0.500026	0.160009	
1864	0.0500018	0.500026	0.160009	
1865	0.0500018	0.500026	0.160009	
1866	0.0500018	0.500026	0.160009	
1867	0.0500018	0.500026	0.160009	
1868	0.0500018	0.500026	0.160009	
1869	0.0500018	0.500026	0.160009	
1870	0.0500018	0.500026	0.160009	
1871	0.0500018	0.500026	0.160009	
1872	0.0500018	0.500026	0.160009	
1873	0.0500018	0.500026	0.160009	
1874	0.0500018	0.500026	0.160009	
1875	0.0500018	0.500026	0.160009	
1876	0.0500018	0.500026	0.160009	
1877	0.0500018	0.500026	0.160009	
1878	0.0500018	0.500026	0.160009	
1879	0.0500018	0.500026	0.160009	
1880	0.0500018	0.500026	0.160009	
1881	0.0500018	0.500026	0.160009	
1882	0.0500018	0.500026	0.160009	
1883	0.0500018	0.500026	0.160009	
1884	0.0500018	0.500026	0.160009	
1885	0.0500018	0.500026	0.160009	
1886	0.0500018	0.500026	0.160009	
1887	0.0500018	0.500026	0.160009	
1888	0.0500018	0.500026	0.160009	
1889	0.0500018	0.500026	0.160009	
1890	0.0500018	0.500026	0.160009	
1891	0.0500018	0.500026	0.160009	
1892	0.0500018	0.500026	0.160009	
1893	0.0500018	0.500026	0.160009	
1894	0.0500018	0.500026	0.160009	
1895	0.0500018	0.500026	0.160009	
1896	0.0500018	0.500026	0.160009	
1897	0.0500018	0.500026	0.160009	
1898	0.0500018	0.500026	0.160009	
1899	0.0500018	0.500026	0.160009	
1900	0.0500018	0.500026	0.160009	
1901	0.0500018	0.500026	0.160009	
1902	0.0500018	0.500026	0.160009	
1903	0.0500018	0.500026	0.160009	
1904	0.0500018	0.500026	0.160009	
1905	0.0500018	0.500026	0.160009	
1906	0.0500018	0.500026	0.160009	
1907	0.0500018	0.500026	0.160009	
1908	0.0500018	0.500026	0.160009	
1909	0.0500018	0.500026	0.160009	
1910	0.0500018	0.500026	0.160009	
1911	0.0500018	0.500026	0.160009	
1912	0.0500018	0.500026	0.160009	
1913	0.0500018	0.500026	0.160009	
1914	0.0500018	0.500026	0.160009	
1915	0.0500018	0.500026	0.160009	
1916	0.0500018	0.500026	0.160009	
1917	0.0500018	0.500026	0.160009	
1918	0.0500018	0.500026	0.160009	
1919	0.0500018	0.500026	0.160009	
1920	0.0500018	0.500026	0.160009	
1921	0.0500018	0.500026	0.160009	
1922	0.0500018	0.500026	0.160009	
1923	0.0500018	0.500026	0.160009	
1924	0.0500018	0.500026	0.160009	
1925	0.0500018	0.500026	0.160009	
1926	0.0500018	0.500026	0.160009	
1927	0.0500018	0.500026	0.160009	
1928	0.0500018	0.500026	0.160009	
1929	0.0500018	0.500026	0.160009	
1930	0.0500018	0.500026	0.160009	
1931	0.0500018	0.500026	0.160009	
1932	0.0500018	0.500026	0.160009	
1933	0.0500018	0.500026	0.160009	
1934	0.0500018	0.500026	0.160009	
1935	0.0500018	0.500026	0.160009	
1936	0.0500018	0.500026	0.160009	
1937	0.0500018	0.500026	0.160009	
1938	0.0500018	0.500026	0.160009	
1939	0.0500018	0.500026	0.160009	
1940	0.0500018	0.500026	0.160009	
1941	0.0500018	0.500026	0.160009	
1942	0.0500018	0.500026	0.160009	
1943	0.0500018	0.500026	0.160009	
1944	0.0500018	0.500026	0.160009	
1945	0.0500018	0.500026	0.160009	
1946	0.0500018	0.500026	0.160009	
1947	0.0500018	0.500026	0.160009	
1948	0.0500018	0.500026	0.160009	
1949	0.0500018	0.500026	0.160009	
1950	0.0500018	0.500026	0.160009	
1951	0.0500018	0.500026	0.160009	
1952	0.0500018	0.500026	0.160009	
1953	0.0500018	0.500026	0.160009	
1954	0.0500018	0.500026	0.160009	
1955	0.0500018	0.500026	0.160009	
1956	0.0500018	0.500026	0.160009	
1957	0.0500018	0.500026	0.160009	
1958	0.0500018	0.500026	0.160009	
1959	0.0500018	0.500026	0.160009	
1960	0.0500018	0.500026	0.160009	
1961	0.0500018	0.500026	0.160009	
1962	0.0500018	0.500026	0.160009	
1963	0.0500018	0.500026	0.160009	
1964	0.0500018	0.500026	0.160009	
1965	0.0500018	0.500026	0.160009	
1966	0.0500018	0.500026	0.160009	
1967	0.0500018	0.500026	0.160009	
1968	0.0500018	0.500026	0.160009	
1969	0.0500018	0.500026	0.160009	
1970	0.0500018	0.500026	0.160009	
1971	0.0500018	0.500026	0.160009	
1972	0.0500018	0.500026	0.160009	
1973	0.0500018	0.500026	0.160009	
1974	0.0500018	0.500026	0.160009	
1975	0.0500018	0.500026	0.160009	
1976	0.0500018	0.500026	0.160009	
1977	0.0500018	0.500026	0.160009	
1978	0.0500018	0.500026	0.160009	
1979	0.0500018	0.500026	0.160009	
1980	0.0500018	0.500026	0.160009	
1981	0.0500018	0.500026	0.160009	
1982	0.0500018	0.500026	0.160009	
1983	0.0500018	0.500026	0.160009	
1984	0.0500018	0.500026	0.160009	
1985	0.0500018	0.500026	0.160009	
1986	0.0500018	0.500026	0.160009	
1987	0.0500018	0.500026	0.160009	
1988	0.0500018	0.500026	0.160009	
1989	0.0500018	0.500026	0.160009	
1990	0.0500018	0.500026	0.160009	
1991	0.0500018	0.500026	0.160009	
1992	0.0500018	0.500026	0.160009	
1993	0.0500018	0.500026	0.160009	
1994	0.0500018	0.500026	0.160009	
1995	0.0500018	0.500026	0.160009	
1996	0.0500018	0.500026	0.160009	
1997	0.0500018	0.500026	0.160009	
1998	0.0500018	0.500026	0.160009	
1999	0.0500018	0.500026	0.160009	
2000	0.0500018	0.500026	0.160009	
