# Time	[X1]	[X2]	[X3]	
0	0.1	0.4	0.2	
1	0.0833777	0.590263	0.19057	
2	0.075552	0.617096	0.192599	
3	0.0703477	0.620474	0.195115	
4	0.0666601	0.620745	0.196754	
5	0.0639755	0.619897	0.197673	
6	0.0619829	0.618373	0.198065	
7	0.0604796	0.616401	0.198076	
8	0.0593287	0.614131	0.197813	
9	0.0584348	0.611664	0.197351	
10	0.0577304	0.609075	0.196749	
11	0.0571668	0.606415	0.196048	
12	0.0567085	0.603722	0.195281	
13	0.0563295	0.601023	0.19447	
14	0.0560104	0.598339	0.193632	
15	0.0557369	0.595683	0.192781	
16	0.0554984	0.593066	0.191926	
17	0.0552869	0.590495	0.191073	
18	0.0550964	0.587974	0.190229	
19	0.0549224	0.585508	0.189396	
20	0.0547616	0.583098	0.188578	
21	0.0546114	0.580746	0.187775	
22	0.0544698	0.578452	0.18699	
23	0.0543355	0.576216	0.186223	
24	0.0542074	0.574038	0.185474	
25	0.0540846	0.571917	0.184744	
26	0.0539664	0.569853	0.184033	
27	0.0538524	0.567844	0.183341	
28	0.0537422	0.56589	0.182667	
29	0.0536355	0.563989	0.182011	
30	0.0535321	0.56214	0.181373	
31	0.0534317	0.560343	0.180753	
32	0.0533341	0.558595	0.180149	
33	0.0532394	0.556895	0.179563	
34	0.0531473	0.555243	0.178993	
35	0.0530578	0.553637	0.178439	
36	0.0529707	0.552077	0.177901	
37	0.0528861	0.550559	0.177378	
38	0.0528037	0.549085	0.176869	
39	0.0527236	0.547653	0.176375	
40	0.0526457	0.546261	0.175895	
41	0.0525699	0.544908	0.175429	
42	0.0524962	0.543594	0.174976	
43	0.0524246	0.542317	0.174537	
44	0.0523549	0.541077	0.174109	
45	0.0522871	0.539872	0.173694	
46	0.0522211	0.538701	0.173291	
47	0.0521571	0.537564	0.1729	
48	0.0520947	0.53646	0.172519	
49	0.0520341	0.535387	0.17215	
50	0.0519752	0.534345	0.171792	
51	0.051918	0.533334	0.171443	
52	0.0518623	0.532351	0.171105	
53	0.0518082	0.531397	0.170777	
54	0.0517556	0.53047	0.170458	
55	0.0517045	0.52957	0.170149	
56	0.0516549	0.528696	0.169848	
57	0.0516066	0.527848	0.169557	
58	0.0515597	0.527024	0.169273	
59	0.0515141	0.526224	0.168998	
60	0.0514698	0.525448	0.168731	
61	0.0514268	0.524694	0.168472	
62	0.051385	0.523962	0.168221	
63	0.0513444	0.523252	0.167977	
64	0.051305	0.522562	0.16774	
65	0.0512667	0.521892	0.16751	
66	0.0512295	0.521242	0.167286	
67	0.0511933	0.520611	0.16707	
68	0.0511582	0.519999	0.166859	
69	0.0511241	0.519405	0.166655	
70	0.051091	0.518828	0.166457	
71	0.0510589	0.518268	0.166265	
72	0.0510276	0.517724	0.166078	
73	0.0509973	0.517197	0.165897	
74	0.0509679	0.516685	0.165721	
75	0.0509393	0.516188	0.165551	
76	0.0509115	0.515705	0.165385	
77	0.0508846	0.515237	0.165224	
78	0.0508584	0.514783	0.165069	
79	0.050833	0.514343	0.164917	
80	0.0508084	0.513915	0.164771	
81	0.0507844	0.5135	0.164628	
82	0.0507612	0.513097	0.16449	
83	0.0507386	0.512706	0.164356	
84	0.0507167	0.512327	0.164226	
85	0.0506954	0.511959	0.164099	
86	0.0506748	0.511602	0.163977	
87	0.0506548	0.511255	0.163858	
88	0.0506353	0.510919	0.163743	
89	0.0506165	0.510593	0.163631	
90	0.0505982	0.510277	0.163522	
91	0.0505804	0.50997	0.163417	
92	0.0505631	0.509672	0.163315	
93	0.0505464	0.509383	0.163216	
94	0.0505301	0.509102	0.16312	
95	0.0505144	0.50883	0.163026	
96	0.0504991	0.508566	0.162936	
97	0.0504842	0.50831	0.162848	
98	0.0504698	0.508062	0.162763	
99	0.0504558	0.507821	0.16268	
100	0.0504423	0.507587	0.1626	
101	0.0504291	0.50736	0.162522	
102	0.0504163	0.50714	0.162447	
103	0.0504039	0.506926	0.162374	
104	0.0503919	0.506719	0.162303	
105	0.0503802	0.506518	0.162234	
106	0.0503689	0.506323	0.162167	
107	0.0503579	0.506134	0.162102	
108	0.0503472	0.505951	0.162039	
109	0.0503369	0.505773	0.161978	
110	0.0503268	0.5056	0.161919	
111	0.0503171	0.505433	0.161862	
112	0.0503077	0.50527	0.161806	
113	0.0502985	0.505112	0.161752	
114	0.0502896	0.50496	0.161699	
115	0.050281	0.504811	0.161649	
116	0.0502726	0.504667	0.161599	
117	0.0502645	0.504528	0.161551	
118	0.0502566	0.504392	0.161505	
119	0.0502489	0.504261	0.16146	
120	0.0502415	0.504134	0.161416	
121	0.0502343	0.50401	0.161374	
122	0.0502274	0.50389	0.161333	
123	0.0502206	0.503774	0.161293	
124	0.050214	0.503661	0.161255	
125	0.0502076	0.503552	0.161217	
126	0.0502015	0.503446	0.161181	
127	0.0501955	0.503343	0.161145	
128	0.0501896	0.503243	0.161111	
129	0.050184	0.503146	0.161078	
130	0.0501785	0.503052	0.161046	
131	0.0501732	0.502961	0.161015	
132	0.0501681	0.502873	0.160984	
133	0.0501631	0.502787	0.160955	
134	0.0501582	0.502704	0.160927	
135	0.0501535	0.502624	0.160899	
136	0.050149	0.502545	0.160872	
137	0.0501445	0.50247	0.160846	
138	0.0501403	0.502396	0.160821	
139	0.0501361	0.502325	0.160797	
140	0.0501321	0.502256	0.160773	
141	0.0501281	0.502188	0.16075	
142	0.0501243	0.502123	0.160728	
143	0.0501207	0.50206	0.160706	
144	0.0501171	0.501999	0.160685	
145	0.0501136	0.501939	0.160665	
146	0.0501103	0.501882	0.160645	
147	0.050107	0.501826	0.160626	
148	0.0501038	0.501772	0.160607	
149	0.0501008	0.501719	0.160589	
150	0.0500978	0.501668	0.160572	
151	0.0500949	0.501619	0.160555	
152	0.0500921	0.501571	0.160538	
153	0.0500894	0.501524	0.160522	
154	0.0500867	0.501479	0.160507	
155	0.0500842	0.501435	0.160492	
156	0.0500817	0.501393	0.160477	
157	0.0500793	0.501352	0.160463	
158	0.050077	0.501312	0.16045	
159	0.0500747	0.501273	0.160436	
160	0.0500725	0.501235	0.160423	
161	0.0500704	0.501199	0.160411	
162	0.0500683	0.501164	0.160399	
163	0.0500663	0.501129	0.160387	
164	0.0500644	0.501096	0.160376	
165	0.0500625	0.501064	0.160365	
166	0.0500607	0.501033	0.160354	
167	0.0500589	0.501002	0.160344	
168	0.0500572	0.500973	0.160334	
169	0.0500555	0.500944	0.160324	
170	0.0500539	0.500917	0.160314	
171	0.0500523	0.50089	0.160305	
172	0.0500508	0.500864	0.160296	
173	0.0500493	0.500839	0.160288	
174	0.0500479	0.500814	0.160279	
175	0.0500465	0.50079	0.160271	
176	0.0500452	0.500767	0.160263	
177	0.0500439	0.500745	0.160255	
178	0.0500426	0.500723	0.160248	
179	0.0500414	0.500702	0.160241	
180	0.0500402	0.500682	0.160234	
181	0.050039	0.500662	0.160227	
182	0.0500379	0.500643	0.160221	
183	0.0500368	0.500624	0.160214	
184	0.0500358	0.500606	0.160208	
185	0.0500348	0.500589	0.160202	
186	0.0500338	0.500572	0.160196	
187	0.0500328	0.500556	0.160191	
188	0.0500319	0.50054	0.160185	
189	0.050031	0.500524	0.16018	
190	0.0500301	0.500509	0.160175	
191	0.0500292	0.500495	0.16017	
192	0.0500284	0.50048	0.160165	
193	0.0500276	0.500467	0.16016	
194	0.0500268	0.500454	0.160156	
195	0.0500261	0.500441	0.160151	
196	0.0500254	0.500428	0.160147	
197	0.0500246	0.500416	0.160143	
198	0.050024	0.500404	0.160139	
199	0.0500233	0.500393	0.160135	
200	0.0500226	0.500382	0.160131	
201	0.050022	0.500371	0.160127	
202	0.0500214	0.500361	0.160124	
203	0.0500208	0.500351	0.16012	
204	0.0500203	0.500341	0.160117	
205	0.0500197	0.500331	0.160114	
206	0.0500192	0.500322	0.160111	
207	0.0500186	0.500313	0.160108	
208	0.0500181	0.500305	0.160105	
209	0.0500176	0.500296	0.160102	
210	0.0500172	0.500288	0.160099	
211	0.0500167	0.50028	0.160096	
212	0.0500163	0.500273	0.160094	
213	0.0500158	0.500265	0.160091	
214	0.0500154	0.500258	0.160089	
215	0.050015	0.500251	0.160086	
216	0.0500146	0.500244	0.160084	
217	0.0500142	0.500238	0.160082	
218	0.0500138	0.500231	0.16008	
219	0.0500135	0.500225	0.160077	
220	0.0500131	0.500219	0.160075	
221	0.0500128	0.500213	0.160073	
222	0.0500125	0.500208	0.160071	
223	0.0500121	0.500202	0.16007	
224	0.0500118	0.500197	0.160068	
225	0.0500115	0.500192	0.160066	
226	0.0500112	0.500187	0.160064	
227	0.050011	0.500182	0.160063	
228	0.0500107	0.500177	0.160061	
229	0.0500104	0.500173	0.160059	
230	0.0500102	0.500168	0.160058	
231	0.0500099	0.500164	0.160056	
232	0.0500097	0.50016	0.160055	
233	0.0500094	0.500156	0.160054	
234	0.0500092	0.500152	0.160052	
235	0.050009	0.500148	0.160051	
236	0.0500088	0.500144	0.16005	
237	0.0500086	0.500141	0.160049	
238	0.0500084	0.500137	0.160047	
239	0.0500082	0.500134	0.160046	
240	0.050008	0.500131	0.160045	
241	0.0500078	0.500128	0.160044	
242	0.0500076	0.500125	0.160043	
243	0.0500074	0.500122	0.160042	
244	0.0500073	0.500119	0.160041	
245	0.0500071	0.500116	0.16004	
246	0.0500069	0.500113	0.160039	
247	0.0500068	0.500111	0.160038	
248	0.0500066	0.500108	0.160037	
249	0.0500065	0.500106	0.160037	
250	0.0500064	0.500103	0.160036	
251	0.0500062	0.500101	0.160035	
252	0.0500061	0.500099	0.160034	
253	0.050006	0.500096	0.160033	
254	0.0500058	0.500094	0.160033	
255	0.0500057	0.500092	0.160032	
256	0.0500056	0.50009	0.160031	
257	0.0500055	0.500088	0.160031	
258	0.0500054	0.500086	0.16003	
259	0.0500053	0.500085	0.160029	
260	0.0500052	0.500083	0.160029	
261	0.0500051	0.500081	0.160028	
262	0.050005	0.50008	0.160028	
263	0.0500049	0.500078	0.160027	
264	0.0500048	0.500076	0.160026	
265	0.0500047	0.500075	0.160026	
266	0.0500046	0.500073	0.160025	
267	0.0500045	0.500072	0.160025	
268	0.0500044	0.500071	0.160024	
269	0.0500044	0.500069	0.160024	
270	0.0500043	0.500068	0.160024	
271	0.0500042	0.500067	0.160023	
272	0.0500042	0.500065	0.160023	
273	0.0500041	0.500064	0.160022	
274	0.050004	0.500063	0.160022	
275	0.0500039	0.500062	0.160022	
276	0.0500039	0.500061	0.160021	
277	0.0500038	0.50006	0.160021	
278	0.0500038	0.500059	0.16002	
279	0.0500037	0.500058	0.16002	
280	0.0500037	0.500057	0.16002	
281	0.0500036	0.500056	0.16002	
282	0.0500035	0.500055	0.160019	
283	0.0500035	0.500054	0.160019	
284	0.0500034	0.500053	0.160019	
285	0.0500034	0.500053	0.160018	
286	0.0500033	0.500052	0.160018	
287	0.0500033	0.500051	0.160018	
288	0.0500033	0.50005	0.160018	
289	0.0500032	0.500049	0.160017	
290	0.0500032	0.500049	0.160017	
291	0.0500031	0.500048	0.160017	
292	0.0500031	0.500047	0.160017	
293	0.0500031	0.500047	0.160016	
294	0.050003	0.500046	0.160016	
295	0.050003	0.500046	0.160016	
296	0.050003	0.500045	0.160016	
297	0.0500029	0.500044	0.160016	
298	0.0500029	0.500044	0.160015	
299	0.0500029	0.500043	0.160015	
300	0.0500028	0.500043	0.160015	
301	0.0500028	0.500042	0.160015	
302	0.0500028	0.500042	0.160015	
303	0.0500027	0.500041	0.160015	
304	0.0500027	0.500041	0.160014	
305	0.0500027	0.50004	0.160014	
306	0.0500027	0.50004	0.160014	
307	0.0500026	0.50004	0.160014	
308	0.0500026	0.500039	0.160014	
309	0.0500026	0.500039	0.160014	
310	0.0500026	0.500038	0.160013	
311	0.0500025	0.500038	0.160013	
312	0.0500025	0.500038	0.160013	
313	0.0500025	0.500037	0.160013	
314	0.0500025	0.500037	0.160013	
315	0.0500025	0.500037	0.160013	
316	0.0500025	0.500036	0.160013	
317	0.0500024	0.500036	0.160013	
318	0.0500024	0.500036	0.160013	
319	0.0500024	0.500035	0.160012	
320	0.0500024	0.500035	0.160012	
321	0.0500024	0.500035	0.160012	
322	0.0500024	0.500035	0.160012	
323	0.0500023	0.500034	0.160012	
324	0.0500023	0.500034	0.160012	
325	0.0500023	0.500034	0.160012	
326	0.0500023	0.500034	0.160012	
327	0.0500023	0.500033	0.160012	
328	0.0500023	0.500033	0.160012	
329	0.0500023	0.500033	0.160012	
330	0.0500022	0.500033	0.160012	
331	0.0500022	0.500033	0.160012	
332	0.0500022	0.500032	0.160011	
333	0.0500022	0.500032	0.160011	
334	0.0500022	0.500032	0.160011	
335	0.0500022	0.500032	0.160011	
336	0.0500022	0.500032	0.160011	
337	0.0500022	0.500032	0.160011	
338	0.0500022	0.500031	0.160011	
339	0.0500022	0.500031	0.160011	
340	0.0500021	0.500031	0.160011	
341	0.0500021	0.500031	0.160011	
342	0.0500021	0.500031	0.160011	
343	0.0500021	0.500031	0.160011	
344	0.0500021	0.50003	0.160011	
345	0.0500021	0.50003	0.160011	
346	0.0500021	0.50003	0.160011	
347	0.0500021	0.50003	0.160011	
348	0.0500021	0.50003	0.160011	
349	0.0500021	0.50003	0.160011	
350	0.0500021	0.50003	0.160011	
351	0.0500021	0.50003	0.16001	
352	0.0500021	0.50003	0.16001	
353	0.050002	0.500029	0.16001	
354	0.050002	0.500029	0.16001	
355	0.050002	0.500029	0.16001	
356	0.050002	0.500029	0.16001	
357	0.050002	0.500029	0.16001	
358	0.050002	0.500029	0.16001	
359	0.050002	0.500029	0.16001	
360	0.050002	0.500029	0.16001	
361	0.050002	0.500029	0.16001	
362	0.050002	0.500029	0.16001	
363	0.050002	0.500029	0.16001	
364	0.050002	0.500028	0.16001	
365	0.050002	0.500028	0.16001	
366	0.050002	0.500028	0.16001	
367	0.050002	0.500028	0.16001	
368	0.050002	0.500028	0.16001	
369	0.050002	0.500028	0.16001	
370	0.050002	0.500028	0.16001	
371	0.050002	0.500028	0.16001	
372	0.050002	0.500028	0.16001	
373	0.050002	0.500028	0.16001	
374	0.050002	0.500028	0.16001	
375	0.0500019	0.500028	0.16001	
376	0.0500019	0.500028	0.16001	
377	0.0500019	0.500028	0.16001	
378	0.0500019	0.500028	0.16001	
379	0.0500019	0.500028	0.16001	
380	0.0500019	0.500028	0.16001	
381	0.0500019	0.500027	0.16001	
382	0.0500019	0.500027	0.16001	
383	0.0500019	0.500027	0.16001	
384	0.0500019	0.500027	0.16001	
385	0.0500019	0.500027	0.16001	
386	0.0500019	0.500027	0.16001	
387	0.0500019	0.500027	0.16001	
388	0.0500019	0.500027	0.16001	
389	0.0500019	0.500027	0.16001	
390	0.0500019	0.500027	0.16001	
391	0.0500019	0.500027	0.16001	
392	0.0500019	0.500027	0.16001	
393	0.0500019	0.500027	0.16001	
394	0.0500019	0.500027	0.16001	
395	0.0500019	0.500027	0.16001	
396	0.0500019	0.500027	0.16001	
397	0.0500019	0.500027	0.16001	
398	0.0500019	0.500027	0.16001	
399	0.0500019	0.500027	0.16001	
400	0.0500019	0.500027	0.16001	
401	0.0500019	0.500027	0.16001	
402	0.0500019	0.500027	0.16001	
403	0.0500019	0.500027	0.16001	
404	0.0500019	0.500027	0.16001	
405	0.0500019	0.500027	0.16001	
406	0.0500019	0.500027	0.16001	
407	0.0500019	0.500027	0.16001	
408	0.0500019	0.500027	0.160009	
409	0.0500019	0.500027	0.160009	
410	0.0500019	0.500027	0.160009	
411	0.0500019	0.500027	0.160009	
412	0.0500019	0.500027	0.160009	
413	0.0500019	0.500027	0.160009	
414	0.0500019	0.500027	0.160009	
415	0.0500019	0.500027	0.160009	
416	0.0500019	0.500027	0.160009	
417	0.0500019	0.500027	0.160009	
418	0.0500019	0.500027	0.160009	
419	0.0500019	0.500027	0.160009	
420	0.0500019	0.500027	0.160009	
421	0.0500019	0.500027	0.160009	
422	0.0500019	0.500027	0.160009	
423	0.0500019	0.500027	0.160009	
424	0.0500019	0.500027	0.160009	
425	0.0500019	0.500027	0.160009	
426	0.0500019	0.500027	0.160009	
427	0.0500019	0.500027	0.160009	
428	0.0500019	0.500026	0.160009	
429	0.0500019	0.500026	0.160009	
430	0.0500019	0.500026	0.160009	
431	0.0500019	0.500026	0.160009	
432	0.0500019	0.500026	0.160009	
433	0.0500019	0.500026	0.160009	
434	0.0500019	0.500026	0.160009	
435	0.0500019	0.500026	0.160009	
436	0.0500019	0.500026	0.160009	
437	0.0500019	0.500026	0.160009	
438	0.0500019	0.500026	0.160009	
439	0.0500019	0.500026	0.160009	
440	0.0500019	0.500026	0.160009	
441	0.0500019	0.500026	0.160009	
442	0.0500019	0.500026	0.160009	
443	0.0500019	0.500026	0.160009	
444	0.0500019	0.500026	0.160009	
445	0.0500019	0.500026	0.160009	
446	0.0500019	0.500026	0.160009	
447	0.0500019	0.500026	0.160009	
448	0.0500019	0.500026	0.160009	
449	0.0500019	0.500026	0.160009	
450	0.0500019	0.500026	0.160009	
451	0.0500019	0.500026	0.160009	
452	0.0500019	0.500026	0.160009	
453	0.0500019	0.500026	0.160009	
454	0.0500019	0.500026	0.160009	
455	0.0500019	0.500026	0.160009	
456	0.0500019	0.500026	0.160009	
457	0.0500019	0.500026	0.160009	
458	0.0500019	0.500026	0.160009	
459	0.0500019	0.500026	0.160009	
460	0.0500019	0.500026	0.160009	
461	0.0500019	0.500026	0.160009	
462	0.0500019	0.500026	0.160009	
463	0.0500019	0.500026	0.160009	
464	0.0500019	0.500026	0.160009	
465	0.0500019	0.500026	0.160009	
466	0.0500019	0.500026	0.160009	
467	0.0500019	0.500026	0.160009	
468	0.0500019	0.500026	0.160009	
469	0.0500019	0.500026	0.160009	
470	0.0500019	0.500026	0.160009	
471	0.0500019	0.500026	0.160009	
472	0.0500019	0.500026	0.160009	
473	0.0500019	0.500026	0.160009	
474	0.0500019	0.500026	0.160009	
475	0.0500019	0.500026	0.160009	
476	0.0500019	0.500026	0.160009	
477	0.0500019	0.500026	0.160009	
478	0.0500019	0.500026	0.160009	
479	0.0500019	0.500026	0.160009	
480	0.0500019	0.500026	0.160009	
481	0.0500019	0.500026	0.160009	
482	0.0500019	0.500026	0.160009	
483	0.0500019	0.500026	0.160009	
484	0.0500019	0.500026	0.160009	
485	0.0500019	0.500026	0.160009	
486	0.0500019	0.500026	0.160009	
487	0.0500019	0.500026	0.160009	
488	0.0500019	0.500026	0.160009	
489	0.0500019	0.500026	0.160009	
490	0.0500019	0.500026	0.160009	
491	0.0500019	0.500026	0.160009	
492	0.0500019	0.500026	0.160009	
493	0.0500019	0.500026	0.160009	
494	0.0500019	0.500026	0.160009	
495	0.0500019	0.500026	0.160009	
496	0.0500019	0.500026	0.160009	
497	0.0500019	0.500026	0.160009	
498	0.0500019	0.500026	0.160009	
499	0.0500019	0.500026	0.160009	
500	0.0500019	0.500026	0.160009	
501	0.0500019	0.500026	0.160009	
502	0.0500019	0.500026	0.160009	
503	0.0500019	0.500026	0.160009	
504	0.0500019	0.500026	0.160009	
505	0.0500019	0.500026	0.160009	
506	0.0500019	0.500026	0.160009	
507	0.0500019	0.500026	0.160009	
508	0.0500019	0.500026	0.160009	
509	0.0500019	0.500026	0.160009	
510	0.0500019	0.500026	0.160009	
511	0.0500019	0.500026	0.160009	
512	0.0500019	0.500026	0.160009	
513	0.0500019	0.500026	0.160009	
514	0.0500019	0.500026	0.160009	
515	0.0500019	0.500026	0.160009	
516	0.0500019	0.500026	0.160009	
517	0.0500019	0.500026	0.160009	
518	0.0500019	0.500026	0.160009	
519	0.0500019	0.500026	0.160009	
520	0.0500019	0.500026	0.160009	
521	0.0500019	0.500026	0.160009	
522	0.0500019	0.500026	0.160009	
523	0.0500019	0.500026	0.160009	
524	0.0500019	0.500026	0.160009	
525	0.0500019	0.500026	0.160009	
526	0.0500019	0.500026	0.160009	
527	0.0500019	0.500026	0.160009	
528	0.0500019	0.500026	0.160009	
529	0.0500019	0.500026	0.160009	
530	0.0500019	0.500026	0.160009	
531	0.0500019	0.500026	0.160009	
532	0.0500019	0.500026	0.160009	
533	0.0500019	0.500026	0.160009	
534	0.0500019	0.500026	0.160009	
535	0.0500019	0.500026	0.160009	
536	0.0500019	0.500026	0.160009	
537	0.0500019	0.500026	0.160009	
538	0.0500019	0.500026	0.160009	
539	0.0500019	0.500026	0.160009	
540	0.0500019	0.500026	0.160009	
541	0.0500019	0.500026	0.160009	
542	0.0500019	0.500026	0.160009	
543	0.0500019	0.500026	0.160009	
544	0.0500019	0.500026	0.160009	
545	0.0500019	0.500026	0.160009	
546	0.0500019	0.500026	0.160009	
547	0.0500019	0.500026	0.160009	
548	0.0500019	0.500026	0.160009	
549	0.0500019	0.500026	0.160009	
550	0.0500019	0.500026	0.160009	
551	0.0500019	0.500026	0.160009	
552	0.0500019	0.500026	0.160009	
553	0.0500019	0.500026	0.160009	
554	0.0500019	0.500026	0.160009	
555	0.0500019	0.500026	0.160009	
556	0.0500019	0.500026	0.160009	
557	0.0500019	0.500026	0.160009	
558	0.0500019	0.500026	0.160009	
559	0.0500019	0.500026	0.160009	
560	0.0500019	0.500026	0.160009	
561	0.0500019	0.500026	0.160009	
562	0.0500019	0.500026	0.160009	
563	0.0500019	0.500026	0.160009	
564	0.0500019	0.500026	0.160009	
565	0.0500019	0.500026	0.160009	
566	0.0500019	0.500026	0.160009	
567	0.0500019	0.500026	0.160009	
568	0.0500019	0.500026	0.160009	
569	0.0500019	0.500026	0.160009	
570	0.0500019	0.500026	0.160009	
571	0.0500019	0.500026	0.160009	
572	0.0500019	0.500026	0.160009	
573	0.0500019	0.500026	0.160009	
574	0.0500019	0.500026	0.160009	
575	0.0500019	0.500026	0.160009	
576	0.0500019	0.500026	0.160009	
577	0.0500019	0.500026	0.160009	
578	0.0500019	0.500026	0.160009	
579	0.0500019	0.500026	0.160009	
580	0.0500019	0.500026	0.160009	
581	0.0500019	0.500026	0.160009	
582	0.0500019	0.500026	0.160009	
583	0.0500019	0.500026	0.160009	
584	0.0500019	0.500026	0.160009	
585	0.0500019	0.500026	0.160009	
586	0.0500019	0.500026	0.160009	
587	0.0500019	0.500026	0.160009	
588	0.0500019	0.500026	0.160009	
589	0.0500019	0.500026	0.160009	
590	0.0500019	0.500026	0.160009	
591	0.0500019	0.500026	0.160009	
592	0.0500019	0.500026	0.160009	
593	0.0500019	0.500026	0.160009	
594	0.0500019	0.500026	0.160009	
595	0.0500019	0.500026	0.160009	
596	0.0500019	0.500026	0.160009	
597	0.0500019	0.500026	0.160009	
598	0.0500019	0.500026	0.160009	
599	0.0500019	0.500026	0.160009	
600	0.0500019	0.500026	0.160009	
601	0.0500019	0.500026	0.160009	
602	0.0500019	0.500026	0.160009	
603	0.0500019	0.500026	0.160009	
604	0.0500019	0.500026	0.160009	
605	0.0500019	0.500026	0.160009	
606	0.0500019	0.500026	0.160009	
607	0.0500019	0.500026	0.160009	
608	0.0500019	0.500026	0.160009	
609	0.0500019	0.500026	0.160009	
610	0.0500019	0.500026	0.160009	
611	0.0500019	0.500026	0.160009	
612	0.0500019	0.500026	0.160009	
613	0.0500019	0.500026	0.160009	
614	0.0500019	0.500026	0.160009	
615	0.0500019	0.500026	0.160009	
616	0.0500019	0.500026	0.160009	
617	0.0500019	0.500026	0.160009	
618	0.0500019	0.500026	0.160009	
619	0.0500019	0.500026	0.160009	
620	0.0500019	0.500026	0.160009	
621	0.0500019	0.500026	0.160009	
622	0.0500019	0.500026	0.160009	
623	0.0500019	0.500026	0.160009	
624	0.0500019	0.500026	0.160009	
625	0.0500019	0.500026	0.160009	
626	0.0500019	0.500026	0.160009	
627	0.0500019	0.500026	0.160009	
628	0.0500019	0.500026	0.160009	
629	0.0500019	0.500026	0.160009	
630	0.0500019	0.500026	0.160009	
631	0.0500019	0.500026	0.160009	
632	0.0500019	0.500026	0.160009	
633	0.0500019	0.500026	0.160009	
634	0.0500019	0.500026	0.160009	
635	0.0500019	0.500026	0.160009	
636	0.0500019	0.500026	0.160009	
637	0.0500019	0.500026	0.160009	
638	0.0500019	0.500026	0.160009	
639	0.0500019	0.500026	0.160009	
640	0.0500019	0.500026	0.160009	
641	0.0500019	0.500026	0.160009	
642	0.0500019	0.500026	0.160009	
643	0.0500019	0.500026	0.160009	
644	0.0500019	0.500026	0.160009	
645	0.0500019	0.500026	0.160009	
646	0.0500019	0.500026	0.160009	
647	0.0500019	0.500026	0.160009	
648	0.0500019	0.500026	0.160009	
649	0.0500019	0.500026	0.160009	
650	0.0500019	0.500026	0.160009	
651	0.0500019	0.500026	0.160009	
652	0.0500019	0.500026	0.160009	
653	0.0500019	0.500026	0.160009	
654	0.0500019	0.500026	0.160009	
655	0.0500019	0.500026	0.160009	
656	0.0500019	0.500026	0.160009	
657	0.0500019	0.500026	0.160009	
658	0.0500019	0.500026	0.160009	
659	0.0500019	0.500026	0.160009	
660	0.0500019	0.500026	0.160009	
661	0.0500019	0.500026	0.160009	
662	0.0500019	0.500026	0.160009	
663	0.0500019	0.500026	0.160009	
664	0.0500019	0.500026	0.160009	
665	0.0500019	0.500026	0.160009	
666	0.0500019	0.500026	0.160009	
667	0.0500019	0.500026	0.160009	
668	0.0500019	0.500026	0.160009	
669	0.0500019	0.500026	0.160009	
670	0.0500019	0.500026	0.160009	
671	0.0500019	0.500026	0.160009	
672	0.0500019	0.500026	0.160009	
673	0.0500019	0.500026	0.160009	
674	0.0500019	0.500026	0.160009	
675	0.0500019	0.500026	0.160009	
676	0.0500019	0.500026	0.160009	
677	0.0500019	0.500026	0.160009	
678	0.0500019	0.500026	0.160009	
679	0.0500019	0.500026	0.160009	
680	0.0500019	0.500026	0.160009	
681	0.0500019	0.500026	0.160009	
682	0.0500019	0.500026	0.160009	
683	0.0500019	0.500026	0.160009	
684	0.0500019	0.500026	0.160009	
685	0.0500019	0.500026	0.160009	
686	0.0500019	0.500026	0.160009	
687	0.0500019	0.500026	0.160009	
688	0.0500019	0.500026	0.160009	
689	0.0500018	0.500026	0.160009	
690	0.0500018	0.500026	0.160009	
691	0.0500018	0.500026	0.160009	
692	0.0500018	0.500026	0.160009	
693	0.0500018	0.500026	0.160009	
694	0.0500018	0.500026	0.160009	
695	0.0500018	0.500026	0.160009	
696	0.0500018	0.500026	0.160009	
697	0.0500018	0.500026	0.160009	
698	0.0500018	0.500026	0.160009	
699	0.0500018	0.500026	0.160009	
700	0.0500018	0.500026	0.160009	
701	0.0500018	0.500026	0.160009	
702	0.0500018	0.500026	0.160009	
703	0.0500018	0.500026	0.160009	
704	0.0500018	0.500026	0.160009	
705	0.0500018	0.500026	0.160009	
706	0.0500018	0.500026	0.160009	
707	0.0500018	0.500026	0.160009	
708	0.0500018	0.500026	0.160009	
709	0.0500018	0.500026	0.160009	
710	0.0500018	0.500026	0.160009	
711	0.0500018	0.500026	0.160009	
712	0.0500018	0.500026	0.160009	
713	0.0500018	0.500026	0.160009	
714	0.0500018	0.500026	0.160009	
715	0.0500018	0.500026	0.160009	
716	0.0500018	0.500026	0.160009	
717	0.0500018	0.500026	0.160009	
718	0.0500018	0.500026	0.160009	
719	0.0500018	0.500026	0.160009	
720	0.0500018	0.500026	0.160009	
721	0.0500018	0.500026	0.160009	
722	0.0500018	0.500026	0.160009	
723	0.0500018	0.500026	0.160009	
724	0.0500018	0.500026	0.160009	
725	0.0500018	0.500026	0.160009	
726	0.0500018	0.500026	0.160009	
727	0.0500018	0.500026	0.160009	
728	0.0500018	0.500026	0.160009	
729	0.0500018	0.500026	0.160009	
730	0.0500018	0.500026	0.160009	
731	0.0500018	0.500026	0.160009	
732	0.0500018	0.500026	0.160009	
733	0.0500018	0.500026	0.160009	
734	0.0500018	0.500026	0.160009	
735	0.0500018	0.500026	0.160009	
736	0.0500018	0.500026	0.160009	
737	0.0500018	0.500026	0.160009	
738	0.0500018	0.500026	0.160009	
739	0.0500018	0.500026	0.160009	
740	0.0500018	0.500026	0.160009	
741	0.0500018	0.500026	0.160009	
742	0.0500018	0.500026	0.160009	
743	0.0500018	0.500026	0.160009	
744	0.0500018	0.500026	0.160009	
745	0.0500018	0.500026	0.160009	
746	0.0500018	0.500026	0.160009	
747	0.0500018	0.500026	0.160009	
748	0.0500018	0.500026	0.160009	
749	0.0500018	0.500026	0.160009	
750	0.0500018	0.500026	0.160009	
751	0.0500018	0.500026	0.160009	
752	0.0500018	0.500026	0.160009	
753	0.0500018	0.500026	0.160009	
754	0.0500018	0.500026	0.160009	
755	0.0500018	0.500026	0.160009	
756	0.0500018	0.500026	0.160009	
757	0.0500018	0.500026	0.160009	
758	0.0500018	0.500026	0.160009	
759	0.0500018	0.500026	0.160009	
760	0.0500018	0.500026	0.160009	
761	0.0500018	0.500026	0.160009	
762	0.0500018	0.500026	0.160009	
763	0.0500018	0.500026	0.160009	
764	0.0500018	0.500026	0.160009	
765	0.0500018	0.500026	0.160009	
766	0.0500018	0.500026	0.160009	
767	0.0500018	0.500026	0.160009	
768	0.0500018	0.500026	0.160009	
769	0.0500018	0.500026	0.160009	
770	0.0500018	0.500026	0.160009	
771	0.0500018	0.500026	0.160009	
772	0.0500018	0.500026	0.160009	
773	0.0500018	0.500026	0.160009	
774	0.0500018	0.500026	0.160009	
775	0.0500018	0.500026	0.160009	
776	0.0500018	0.500026	0.160009	
777	0.0500018	0.500026	0.160009	
778	0.0500018	0.500026	0.160009	
779	0.0500018	0.500026	0.160009	
780	0.0500018	0.500026	0.160009	
781	0.0500018	0.500026	0.160009	
782	0.0500018	0.500026	0.160009	
783	0.0500018	0.500026	0.160009	
784	0.0500018	0.500026	0.160009	
785	0.0500018	0.500026	0.160009	
786	0.0500018	0.500026	0.160009	
787	0.0500018	0.500026	0.160009	
788	0.0500018	0.500026	0.160009	
789	0.0500018	0.500026	0.160009	
790	0.0500018	0.500026	0.160009	
791	0.0500018	0.500026	0.160009	
792	0.0500018	0.500026	0.160009	
793	0.0500018	0.500026	0.160009	
794	0.0500018	0.500026	0.160009	
795	0.0500018	0.500026	0.160009	
796	0.0500018	0.500026	0.160009	
797	0.0500019	0.500026	0.160009	
798	0.0500019	0.500026	0.160009	
799	0.0500019	0.500026	0.160009	
800	0.0500019	0.500026	0.160009	
801	0.0500019	0.500026	0.160009	
802	0.0500019	0.500026	0.160009	
803	0.0500019	0.500026	0.160009	
804	0.0500019	0.500026	0.160009	
805	0.0500019	0.500026	0.160009	
806	0.0500019	0.500026	0.160009	
807	0.0500019	0.500026	0.160009	
808	0.0500019	0.500026	0.160009	
809	0.0500019	0.500026	0.160009	
810	0.0500019	0.500026	0.160009	
811	0.0500019	0.500026	0.160009	
812	0.0500019	0.500026	0.160009	
813	0.0500019	0.500026	0.160009	
814	0.0500019	0.500026	0.160009	
815	0.0500019	0.500026	0.160009	
816	0.0500019	0.500026	0.160009	
817	0.0500019	0.500026	0.160009	
818	0.0500019	0.500026	0.160009	
819	0.0500019	0.500026	0.160009	
820	0.0500019	0.500026	0.160009	
821	0.0500019	0.500026	0.160009	
822	0.0500019	0.500026	0.160009	
823	0.0500019	0.500026	0.160009	
824	0.0500019	0.500026	0.160009	
825	0.0500019	0.500026	0.160009	
826	0.0500019	0.500026	0.160009	
827	0.0500019	0.500026	0.160009	
828	0.0500019	0.500026	0.160009	
829	0.0500019	0.500026	0.160009	
830	0.0500019	0.500026	0.160009	
831	0.0500019	0.500026	0.160009	
832	0.0500019	0.500026	0.160009	
833	0.0500019	0.500026	0.160009	
834	0.0500019	0.500026	0.160009	
835	0.0500019	0.500026	0.160009	
836	0.0500019	0.500026	0.160009	
837	0.0500019	0.500026	0.160009	
838	0.0500019	0.500026	0.160009	
839	0.0500019	0.500026	0.160009	
840	0.0500019	0.500026	0.160009	
841	0.0500019	0.500026	0.160009	
842	0.0500019	0.500026	0.160009	
843	0.0500019	0.500026	0.160009	
844	0.0500019	0.500026	0.160009	
845	0.0500019	0.500026	0.160009	
846	0.0500019	0.500026	0.160009	
847	0.0500019	0.500026	0.160009	
848	0.0500019	0.500026	0.160009	
849	0.0500019	0.500026	0.160009	
850	0.0500019	0.500026	0.160009	
851	0.0500019	0.500026	0.160009	
852	0.0500019	0.500026	0.160009	
853	0.0500019	0.500026	0.160009	
854	0.0500019	0.500026	0.160009	
855	0.0500019	0.500026	0.160009	
856	0.0500019	0.500026	0.160009	
857	0.0500019	0.500026	0.160009	
858	0.0500019	0.500026	0.160009	
859	0.0500019	0.500026	0.160009	
860	0.0500019	0.500026	0.160009	
861	0.0500019	0.500026	0.160009	
862	0.0500019	0.500026	0.160009	
863	0.0500019	0.500026	0.160009	
864	0.0500019	0.500026	0.160009	
865	0.0500019	0.500026	0.160009	
866	0.0500019	0.500026	0.160009	
867	0.0500019	0.500026	0.160009	
868	0.0500019	0.500026	0.160009	
869	0.0500019	0.500026	0.160009	
870	0.0500019	0.500026	0.160009	
871	0.0500019	0.500026	0.160009	
872	0.0500019	0.500026	0.160009	
873	0.0500019	0.500026	0.160009	
874	0.0500019	0.500026	0.160009	
875	0.0500019	0.500026	0.160009	
876	0.0500019	0.500026	0.160009	
877	0.0500019	0.500026	0.160009	
878	0.0500019	0.500026	0.160009	
879	0.0500019	0.500026	0.160009	
880	0.0500019	0.500026	0.160009	
881	0.0500019	0.500026	0.160009	
882	0.0500019	0.500026	0.160009	
883	0.0500019	0.500026	0.160009	
884	0.0500019	0.500026	0.160009	
885	0.0500019	0.500026	0.160009	
886	0.0500019	0.500026	0.160009	
887	0.0500019	0.500026	0.160009	
888	0.0500019	0.500026	0.160009	
889	0.0500019	0.500026	0.160009	
890	0.0500019	0.500026	0.160009	
891	0.0500019	0.500026	0.160009	
892	0.0500019	0.500026	0.160009	
893	0.0500019	0.500026	0.160009	
894	0.0500019	0.500026	0.160009	
895	0.0500019	0.500026	0.160009	
896	0.0500019	0.500026	0.160009	
897	0.0500019	0.500026	0.160009	
898	0.0500019	0.500026	0.160009	
899	0.0500019	0.500026	0.160009	
900	0.0500019	0.500026	0.160009	
901	0.0500019	0.500026	0.160009	
902	0.0500019	0.500026	0.160009	
903	0.0500019	0.500026	0.160009	
904	0.0500019	0.500026	0.160009	
905	0.0500019	0.500026	0.160009	
906	0.0500019	0.500026	0.160009	
907	0.0500019	0.500026	0.160009	
908	0.0500019	0.500026	0.160009	
909	0.0500019	0.500026	0.160009	
910	0.0500019	0.500026	0.160009	
911	0.0500019	0.500026	0.160009	
912	0.0500019	0.500026	0.160009	
913	0.0500019	0.500026	0.160009	
914	0.0500019	0.500026	0.160009	
915	0.0500019	0.500026	0.160009	
916	0.0500019	0.500026	0.160009	
917	0.0500019	0.500026	0.160009	
918	0.0500019	0.500026	0.160009	
919	0.0500019	0.500026	0.160009	
920	0.0500019	0.500026	0.160009	
921	0.0500019	0.500026	0.160009	
922	0.0500019	0.500026	0.160009	
923	0.0500019	0.500026	0.160009	
924	0.0500019	0.500026	0.160009	
925	0.0500019	0.500026	0.160009	
926	0.0500019	0.500026	0.160009	
927	0.0500019	0.500026	0.160009	
928	0.0500019	0.500026	0.160009	
929	0.0500019	0.500026	0.160009	
930	0.0500019	0.500026	0.160009	
931	0.0500019	0.500026	0.160009	
932	0.0500019	0.500026	0.160009	
933	0.0500019	0.500026	0.160009	
934	0.0500019	0.500026	0.160009	
935	0.0500019	0.500026	0.160009	
936	0.0500019	0.500026	0.160009	
937	0.0500019	0.500026	0.160009	
938	0.0500019	0.500026	0.160009	
939	0.0500019	0.500026	0.160009	
940	0.0500019	0.500026	0.160009	
941	0.0500019	0.500026	0.160009	
942	0.0500019	0.500026	0.160009	
943	0.0500019	0.500026	0.160009	
944	0.0500019	0.500026	0.160009	
945	0.0500019	0.500026	0.160009	
946	0.0500019	0.500026	0.160009	
947	0.0500019	0.500026	0.160009	
948	0.0500019	0.500026	0.160009	
949	0.0500019	0.500026	0.160009	
950	0.0500019	0.500026	0.160009	
951	0.0500019	0.500026	0.160009	
952	0.0500019	0.500026	0.160009	
953	0.0500019	0.500026	0.160009	
954	0.0500019	0.500026	0.160009	
955	0.0500019	0.500026	0.160009	
956	0.0500019	0.500026	0.160009	
957	0.0500019	0.500026	0.160009	
958	0.0500019	0.500026	0.160009	
959	0.0500019	0.500026	0.160009	
960	0.0500019	0.500026	0.160009	
961	0.0500019	0.500026	0.160009	
962	0.0500019	0.500026	0.160009	
963	0.0500019	0.500026	0.160009	
964	0.0500019	0.500026	0.160009	
965	0.0500019	0.500026	0.160009	
966	0.0500019	0.500026	0.160009	
967	0.0500019	0.500026	0.160009	
968	0.0500019	0.500026	0.160009	
969	0.0500019	0.500026	0.160009	
970	0.0500019	0.500026	0.160009	
971	0.0500019	0.500026	0.160009	
972	0.0500019	0.500026	0.160009	
973	0.0500019	0.500026	0.160009	
974	0.0500019	0.500026	0.160009	
975	0.0500019	0.500026	0.160009	
976	0.0500019	0.500026	0.160009	
977	0.0500019	0.500026	0.160009	
978	0.0500019	0.500026	0.160009	
979	0.0500019	0.500026	0.160009	
980	0.0500019	0.500026	0.160009	
981	0.0500019	0.500026	0.160009	
982	0.0500019	0.500026	0.160009	
983	0.0500019	0.500026	0.160009	
984	0.0500019	0.500026	0.160009	
985	0.0500019	0.500026	0.160009	
986	0.0500019	0.500026	0.160009	
987	0.0500019	0.500026	0.160009	
988	0.0500019	0.500026	0.160009	
989	0.0500019	0.500026	0.160009	
990	0.0500019	0.500026	0.160009	
991	0.0500019	0.500026	0.160009	
992	0.0500019	0.500026	0.160009	
993	0.0500019	0.500026	0.160009	
994	0.0500019	0.500026	0.160009	
995	0.0500019	0.500026	0.160009	
996	0.0500019	0.500026	0.160009	
997	0.0500019	0.500026	0.160009	
998	0.0500019	0.500026	0.160009	
999	0.0500019	0.500026	0.160009	
1000	0.0500019	0.500026	0.160009	
1001	0.0500019	0.500026	0.160009	
1002	0.0500019	0.500026	0.160009	
1003	0.0500019	0.500026	0.160009	
1004	0.0500019	0.500026	0.160009	
1005	0.0500019	0.500026	0.160009	
1006	0.0500019	0.500026	0.160009	
1007	0.0500019	0.500026	0.160009	
1008	0.0500019	0.500026	0.160009	
1009	0.0500019	0.500026	0.160009	
1010	0.0500019	0.500026	0.160009	
1011	0.0500019	0.500026	0.160009	
1012	0.0500019	0.500026	0.160009	
1013	0.0500019	0.500026	0.160009	
1014	0.0500019	0.500026	0.160009	
1015	0.0500019	0.500026	0.160009	
1016	0.0500018	0.500026	0.160009	
1017	0.0500018	0.500026	0.160009	
1018	0.0500018	0.500026	0.160009	
1019	0.0500018	0.500026	0.160009	
1020	0.0500018	0.500026	0.160009	
1021	0.0500018	0.500026	0.160009	
1022	0.0500018	0.500026	0.160009	
1023	0.0500018	0.500026	0.160009	
1024	0.0500018	0.500026	0.160009	
1025	0.0500018	0.500026	0.160009	
1026	0.0500018	0.500026	0.160009	
1027	0.0500018	0.500026	0.160009	
1028	0.0500018	0.500026	0.160009	
1029	0.0500018	0.500026	0.160009	
1030	0.0500018	0.500026	0.160009	
1031	0.0500018	0.500026	0.160009	
1032	0.0500018	0.500026	0.160009	
1033	0.0500018	0.500026	0.160009	
1034	0.0500018	0.500026	0.160009	
1035	0.0500018	0.500026	0.160009	
1036	0.0500018	0.500026	0.160009	
1037	0.0500018	0.500026	0.160009	
1038	0.0500018	0.500026	0.160009	
1039	0.0500018	0.500026	0.160009	
1040	0.0500018	0.500026	0.160009	
1041	0.0500018	0.500026	0.160009	
1042	0.0500018	0.500026	0.160009	
1043	0.0500018	0.500026	0.160009	
1044	0.0500018	0.500026	0.160009	
1045	0.0500018	0.500026	0.160009	
1046	0.0500018	0.500026	0.160009	
1047	0.0500018	0.500026	0.160009	
1048	0.0500018	0.500026	0.160009	
1049	0.0500018	0.500026	0.160009	
1050	0.0500018	0.500026	0.160009	
1051	0.0500018	0.500026	0.160009	
1052	0.0500018	0.500026	0.160009	
1053	0.0500018	0.500026	0.160009	
1054	0.0500018	0.500026	0.160009	
1055	0.0500018	0.500026	0.160009	
1056	0.0500018	0.500026	0.160009	
1057	0.0500018	0.500026	0.160009	
1058	0.0500018	0.500026	0.160009	
1059	0.0500018	0.500026	0.160009	
1060	0.0500018	0.500026	0.160009	
1061	0.0500018	0.500026	0.160009	
1062	0.0500018	0.500026	0.160009	
1063	0.0500018	0.500026	0.160009	
1064	0.0500018	0.500026	0.160009	
1065	0.0500018	0.500026	0.160009	
1066	0.0500018	0.500026	0.160009	
1067	0.0500018	0.500026	0.160009	
1068	0.0500018	0.500026	0.160009	
1069	0.0500018	0.500026	0.160009	
1070	0.0500018	0.500026	0.160009	
1071	0.0500018	0.500026	0.160009	
1072	0.0500018	0.500026	0.160009	
1073	0.0500018	0.500026	0.160009	
1074	0.0500018	0.500026	0.160009	
1075	0.0500018	0.500026	0.160009	
1076	0.0500018	0.500026	0.160009	
1077	0.0500018	0.500026	0.160009	
1078	0.0500018	0.500026	0.160009	
1079	0.0500018	0.500026	0.160009	
1080	0.0500018	0.500026	0.160009	
1081	0.0500018	0.500026	0.160009	
1082	0.0500018	0.500026	0.160009	
1083	0.0500018	0.500026	0.160009	
1084	0.0500018	0.500026	0.160009	
1085	0.0500018	0.500026	0.160009	
1086	0.0500018	0.500026	0.160009	
1087	0.0500018	0.500026	0.160009	
1088	0.0500018	0.500026	0.160009	
1089	0.0500018	0.500026	0.160009	
1090	0.0500018	0.500026	0.160009	
1091	0.0500018	0.500026	0.160009	
1092	0.0500018	0.500026	0.160009	
1093	0.0500018	0.500026	0.160009	
1094	0.0500018	0.500026	0.160009	
1095	0.0500018	0.500026	0.160009	
1096	0.0500018	0.500026	0.160009	
1097	0.0500018	0.500026	0.160009	
1098	0.0500018	0.500026	0.160009	
1099	0.0500018	0.500026	0.160009	
1100	0.0500018	0.500026	0.160009	
1101	0.0500018	0.500026	0.160009	
1102	0.0500018	0.500026	0.160009	
1103	0.0500018	0.500026	0.160009	
1104	0.0500018	0.500026	0.160009	
1105	0.0500018	0.500026	0.160009	
1106	0.0500018	0.500026	0.160009	
1107	0.0500018	0.500026	0.160009	
1108	0.0500018	0.500026	0.160009	
1109	0.0500018	0.500026	0.160009	
1110	0.0500018	0.500026	0.160009	
1111	0.0500018	0.500026	0.160009	
1112	0.0500018	0.500026	0.160009	
1113	0.0500018	0.500026	0.160009	
1114	0.0500018	0.500026	0.160009	
1115	0.0500018	0.500026	0.160009	
1116	0.0500018	0.500026	0.160009	
1117	0.0500018	0.500026	0.160009	
1118	0.0500018	0.500026	0.160009	
1119	0.0500018	0.500026	0.160009	
1120	0.0500018	0.500026	0.160009	
1121	0.0500018	0.500026	0.160009	
1122	0.0500018	0.500026	0.160009	
1123	0.0500018	0.500026	0.160009	
1124	0.0500018	0.500026	0.160009	
1125	0.0500018	0.500026	0.160009	
1126	0.0500018	0.500026	0.160009	
1127	0.0500018	0.500026	0.160009	
1128	0.0500018	0.500026	0.160009	
1129	0.0500018	0.500026	0.160009	
1130	0.0500018	0.500026	0.160009	
1131	0.0500018	0.500026	0.160009	
1132	0.0500018	0.500026	0.160009	
1133	0.0500018	0.500026	0.160009	
1134	0.0500018	0.500026	0.160009	
1135	0.0500018	0.500026	0.160009	
1136	0.0500018	0.500026	0.160009	
1137	0.0500018	0.500026	0.160009	
1138	0.0500018	0.500026	0.160009	
1139	0.0500018	0.500026	0.160009	
1140	0.0500018	0.500026	0.160009	
1141	0.0500018	0.500026	0.160009	
1142	0.0500018	0.500026	0.160009	
1143	0.0500018	0.500026	0.160009	
1144	0.0500018	0.500026	0.160009	
1145	0.0500018	0.500026	0.160009	
1146	0.0500018	0.500026	0.160009	
1147	0.0500018	0.500026	0.160009	
1148	0.0500018	0.500026	0.160009	
1149	0.0500018	0.500026	0.160009	
1150	0.0500018	0.500026	0.160009	
1151	0.0500018	0.500026	0.160009	
1152	0.0500018	0.500026	0.160009	
1153	0.0500018	0.500026	0.160009	
1154	0.0500018	0.500026	0.160009	
1155	0.0500018	0.500026	0.160009	
1156	0.0500018	0.500026	0.160009	
1157	0.0500018	0.500026	0.160009	
1158	0.0500018	0.500026	0.160009	
1159	0.0500018	0.500026	0.160009	
1160	0.0500018	0.500026	0.160009	
1161	0.0500018	0.500026	0.160009	
1162	0.0500018	0.500026	0.160009	
1163	0.0500018	0.500026	0.160009	
1164	0.0500018	0.500026	0.160009	
1165	0.0500018	0.500026	0.160009	
1166	0.0500018	0.500026	0.160009	
1167	0.0500018	0.500026	0.160009	
1168	0.0500018	0.500026	0.160009	
1169	0.0500018	0.500026	0.160009	
1170	0.0500018	0.500026	0.160009	
1171	0.0500018	0.500026	0.160009	
1172	0.0500018	0.500026	0.160009	
1173	0.0500018	0.500026	0.160009	
1174	0.0500018	0.500026	0.160009	
1175	0.0500018	0.500026	0.160009	
1176	0.0500018	0.500026	0.160009	
1177	0.0500018	0.500026	0.160009	
1178	0.0500018	0.500026	0.160009	
1179	0.0500018	0.500026	0.160009	
1180	0.0500018	0.500026	0.160009	
1181	0.0500018	0.500026	0.160009	
1182	0.0500018	0.500026	0.160009	
1183	0.0500018	0.500026	0.160009	
1184	0.0500018	0.500026	0.160009	
1185	0.0500018	0.500026	0.160009	
1186	0.0500018	0.500026	0.160009	
1187	0.0500018	0.500026	0.160009	
1188	0.0500018	0.500026	0.160009	
1189	0.0500018	0.500026	0.160009	
1190	0.0500018	0.500026	0.160009	
1191	0.0500018	0.500026	0.160009	
1192	0.0500018	0.500026	0.160009	
1193	0.0500018	0.500026	0.160009	
1194	0.0500018	0.500026	0.160009	
1195	0.0500018	0.500026	0.160009	
1196	0.0500018	0.500026	0.160009	
1197	0.0500018	0.500026	0.160009	
1198	0.0500018	0.500026	0.160009	
1199	0.0500018	0.500026	0.160009	
1200	0.0500018	0.500026	0.160009	
1201	0.0500018	0.500026	0.160009	
1202	0.0500018	0.500026	0.160009	
1203	0.0500018	0.500026	0.160009	
1204	0.0500018	0.500026	0.160009	
1205	0.0500018	0.500026	0.160009	
1206	0.0500018	0.500026	0.160009	
1207	0.0500018	0.500026	0.160009	
1208	0.0500018	0.500026	0.160009	
1209	0.0500018	0.500026	0.160009	
1210	0.0500018	0.500026	0.160009	
1211	0.0500018	0.500026	0.160009	
1212	0.0500018	0.500026	0.160009	
1213	0.0500018	0.500026	0.160009	
1214	0.0500018	0.500026	0.160009	
1215	0.0500018	0.500026	0.160009	
1216	0.0500018	0.500026	0.160009	
1217	0.0500018	0.500026	0.160009	
1218	0.0500018	0.500026	0.160009	
1219	0.0500018	0.500026	0.160009	
1220	0.0500018	0.500026	0.160009	
1221	0.0500018	0.500026	0.160009	
1222	0.0500018	0.500026	0.160009	
1223	0.0500018	0.500026	0.160009	
1224	0.0500019	0.500026	0.160009	
1225	0.0500019	0.500026	0.160009	
1226	0.0500019	0.500026	0.160009	
1227	0.0500019	0.500026	0.160009	
1228	0.0500019	0.500026	0.160009	
1229	0.0500019	0.500026	0.160009	
1230	0.0500019	0.500026	0.160009	
1231	0.0500019	0.500026	0.160009	
1232	0.0500019	0.500026	0.160009	
1233	0.0500019	0.500026	0.160009	
1234	0.0500019	0.500026	0.160009	
1235	0.0500019	0.500026	0.160009	
1236	0.0500019	0.500026	0.160009	
1237	0.0500019	0.500026	0.160009	
1238	0.0500019	0.500026	0.160009	
1239	0.0500019	0.500026	0.160009	
1240	0.0500019	0.500026	0.160009	
1241	0.0500019	0.500026	0.160009	
1242	0.0500019	0.500026	0.160009	
1243	0.0500019	0.500026	0.160009	
1244	0.0500019	0.500026	0.160009	
1245	0.0500019	0.500026	0.160009	
1246	0.0500019	0.500026	0.160009	
1247	0.0500019	0.500026	0.160009	
1248	0.0500019	0.500026	0.160009	
1249	0.0500019	0.500026	0.160009	
1250	0.0500019	0.500026	0.160009	
1251	0.0500019	0.500026	0.160009	
1252	0.0500019	0.500026	0.160009	
1253	0.0500019	0.500026	0.160009	
1254	0.0500019	0.500026	0.160009	
1255	0.0500019	0.500026	0.160009	
1256	0.0500019	0.500026	0.160009	
1257	0.0500019	0.500026	0.160009	
1258	0.0500019	0.500026	0.160009	
1259	0.0500019	0.500026	0.160009	
1260	0.0500019	0.500026	0.160009	
1261	0.0500019	0.500026	0.160009	
1262	0.0500019	0.500026	0.160009	
1263	0.0500019	0.500026	0.160009	
1264	0.0500019	0.500026	0.160009	
1265	0.0500019	0.500026	0.160009	
1266	0.0500019	0.500026	0.160009	
1267	0.0500019	0.500026	0.160009	
1268	0.0500019	0.500026	0.160009	
1269	0.0500019	0.500026	0.160009	
1270	0.0500019	0.500026	0.160009	
1271	0.0500019	0.500026	0.160009	
1272	0.0500019	0.500026	0.160009	
1273	0.0500019	0.500026	0.160009	
1274	0.0500019	0.500026	0.160009	
1275	0.0500019	0.500026	0.160009	
1276	0.0500019	0.500026	0.160009	
1277	0.0500019	0.500026	0.160009	
1278	0.0500019	0.500026	0.160009	
1279	0.0500019	0.500026	0.160009	
1280	0.0500019	0.500026	0.160009	
1281	0.0500019	0.500026	0.160009	
1282	0.0500019	0.500026	0.160009	
1283	0.0500019	0.500026	0.160009	
1284	0.0500019	0.500026	0.160009	
1285	0.0500019	0.500026	0.160009	
1286	0.0500019	0.500026	0.160009	
1287	0.0500019	0.500026	0.160009	
1288	0.0500019	0.500026	0.160009	
1289	0.0500019	0.500026	0.160009	
1290	0.0500019	0.500026	0.160009	
1291	0.0500019	0.500026	0.160009	
1292	0.0500019	0.500026	0.160009	
1293	0.0500019	0.500026	0.160009	
1294	0.0500019	0.500026	0.160009	
1295	0.0500019	0.500026	0.160009	
1296	0.0500019	0.500026	0.160009	
1297	0.0500019	0.500026	0.160009	
1298	0.0500019	0.500026	0.160009	
1299	0.0500019	0.500026	0.160009	
1300	0.0500019	0.500026	0.160009	
1301	0.0500019	0.500026	0.160009	
1302	0.0500019	0.500026	0.160009	
1303	0.0500019	0.500026	0.160009	
1304	0.0500019	0.500026	0.160009	
1305	0.0500019	0.500026	0.160009	
1306	0.0500019	0.500026	0.160009	
1307	0.0500019	0.500026	0.160009	
1308	0.0500019	0.500026	0.160009	
1309	0.0500019	0.500026	0.160009	
1310	0.0500019	0.500026	0.160009	
1311	0.0500019	0.500026	0.160009	
1312	0.0500019	0.500026	0.160009	
1313	0.0500019	0.500026	0.160009	
1314	0.0500019	0.500026	0.160009	
1315	0.0500019	0.500026	0.160009	
1316	0.0500019	0.500026	0.160009	
1317	0.0500019	0.500026	0.160009	
1318	0.0500019	0.500026	0.160009	
1319	0.0500019	0.500026	0.160009	
1320	0.0500019	0.500026	0.160009	
1321	0.0500019	0.500026	0.160009	
1322	0.0500019	0.500026	0.160009	
1323	0.0500019	0.500026	0.160009	
1324	0.0500019	0.500026	0.160009	
1325	0.0500019	0.500026	0.160009	
1326	0.0500019	0.500026	0.160009	
1327	0.0500019	0.500026	0.160009	
1328	0.0500019	0.500026	0.160009	
1329	0.0500019	0.500026	0.160009	
1330	0.0500019	0.500026	0.160009	
1331	0.0500019	0.500026	0.160009	
1332	0.0500019	0.500026	0.160009	
1333	0.0500019	0.500026	0.160009	
1334	0.0500019	0.500026	0.160009	
1335	0.0500019	0.500026	0.160009	
1336	0.0500019	0.500026	0.160009	
1337	0.0500019	0.500026	0.160009	
1338	0.0500019	0.500026	0.160009	
1339	0.0500019	0.500026	0.160009	
1340	0.0500019	0.500026	0.160009	
1341	0.0500019	0.500026	0.160009	
1342	0.0500019	0.500026	0.160009	
1343	0.0500019	0.500026	0.160009	
1344	0.0500019	0.500026	0.160009	
1345	0.0500019	0.500026	0.160009	
1346	0.0500019	0.500026	0.160009	
1347	0.0500019	0.500026	0.160009	
1348	0.0500019	0.500026	0.160009	
1349	0.0500019	0.500026	0.160009	
1350	0.0500019	0.500026	0.160009	
1351	0.0500019	0.500026	0.160009	
1352	0.0500019	0.500026	0.160009	
1353	0.0500019	0.500026	0.160009	
1354	0.0500019	0.500026	0.160009	
1355	0.0500019	0.500026	0.160009	
1356	0.0500019	0.500026	0.160009	
1357	0.0500019	0.500026	0.160009	
1358	0.0500019	0.500026	0.160009	
1359	0.0500019	0.500026	0.160009	
1360	0.0500019	0.500026	0.160009	
1361	0.0500019	0.500026	0.160009	
1362	0.0500019	0.500026	0.160009	
1363	0.0500019	0.500026	0.160009	
1364	0.0500019	0.500026	0.160009	
1365	0.0500019	0.500026	0.160009	
1366	0.0500019	0.500026	0.160009	
1367	0.0500019	0.500026	0.160009	
1368	0.0500019	0.500026	0.160009	
1369	0.0500019	0.500026	0.160009	
1370	0.0500019	0.500026	0.160009	
1371	0.0500019	0.500026	0.160009	
1372	0.0500019	0.500026	0.160009	
1373	0.0500019	0.500026	0.160009	
1374	0.0500019	0.500026	0.160009	
1375	0.0500019	0.500026	0.160009	
1376	0.0500019	0.500026	0.160009	
1377	0.0500019	0.500026	0.160009	
1378	0.0500019	0.500026	0.160009	
1379	0.0500019	0.500026	0.160009	
1380	0.0500019	0.500026	0.160009	
1381	0.0500019	0.500026	0.160009	
1382	0.0500019	0.500026	0.160009	
1383	0.0500019	0.500026	0.160009	
1384	0.0500019	0.500026	0.160009	
1385	0.0500019	0.500026	0.160009	
1386	0.0500019	0.500026	0.160009	
1387	0.0500019	0.500026	0.160009	
1388	0.0500019	0.500026	0.160009	
1389	0.0500019	0.500026	0.160009	
1390	0.0500019	0.500026	0.160009	
1391	0.0500019	0.500026	0.160009	
1392	0.0500019	0.500026	0.160009	
1393	0.0500019	0.500026	0.160009	
1394	0.0500019	0.500026	0.160009	
1395	0.0500019	0.500026	0.160009	
1396	0.0500019	0.500026	0.160009	
1397	0.0500019	0.500026	0.160009	
1398	0.0500019	0.500026	0.160009	
1399	0.0500019	0.500026	0.160009	
1400	0.0500019	0.500026	0.160009	
1401	0.0500019	0.500026	0.160009	
1402	0.0500019	0.500026	0.160009	
1403	0.0500019	0.500026	0.160009	
1404	0.0500019	0.500026	0.160009	
1405	0.0500019	0.500026	0.160009	
1406	0.0500019	0.500026	0.160009	
1407	0.0500019	0.500026	0.160009	
1408	0.0500019	0.500026	0.160009	
1409	0.0500019	0.500026	0.160009	
1410	0.0500019	0.500026	0.160009	
1411	0.0500019	0.500026	0.160009	
1412	0.0500019	0.500026	0.160009	
1413	0.0500019	0.500026	0.160009	
1414	0.0500019	0.500026	0.160009	
1415	0.0500019	0.500026	0.160009	
1416	0.0500019	0.500026	0.160009	
1417	0.0500019	0.500026	0.160009	
1418	0.0500019	0.500026	0.160009	
1419	0.0500019	0.500026	0.160009	
1420	0.0500019	0.500026	0.160009	
1421	0.0500019	0.500026	0.160009	
1422	0.0500019	0.500026	0.160009	
1423	0.0500019	0.500026	0.160009	
1424	0.0500019	0.500026	0.160009	
1425	0.0500019	0.500026	0.160009	
1426	0.0500019	0.500026	0.160009	
1427	0.0500019	0.500026	0.160009	
1428	0.0500019	0.500026	0.160009	
1429	0.0500019	0.500026	0.160009	
1430	0.0500019	0.500026	0.160009	
1431	0.0500019	0.500026	0.160009	
1432	0.0500019	0.500026	0.160009	
1433	0.0500019	0.500026	0.160009	
1434	0.0500019	0.500026	0.160009	
1435	0.0500019	0.500026	0.160009	
1436	0.0500019	0.500026	0.160009	
1437	0.0500019	0.500026	0.160009	
1438	0.0500019	0.500026	0.160009	
1439	0.0500019	0.500026	0.160009	
1440	0.0500019	0.500026	0.160009	
1441	0.0500019	0.500026	0.160009	
1442	0.0500019	0.500026	0.160009	
1443	0.0500019	0.500026	0.160009	
1444	0.0500019	0.500026	0.160009	
1445	0.0500019	0.500026	0.160009	
1446	0.0500019	0.500026	0.160009	
1447	0.0500019	0.500026	0.160009	
1448	0.0500019	0.500026	0.160009	
1449	0.0500019	0.500026	0.160009	
1450	0.0500019	0.500026	0.160009	
1451	0.0500019	0.500026	0.160009	
1452	0.0500019	0.500026	0.160009	
1453	0.0500019	0.500026	0.160009	
1454	0.0500019	0.500026	0.160009	
1455	0.0500019	0.500026	0.160009	
1456	0.0500019	0.500026	0.160009	
1457	0.0500018	0.500026	0.160009	
1458	0.0500018	0.500026	0.160009	
1459	0.0500018	0.500026	0.160009	
1460	0.0500018	0.500026	0.160009	
1461	0.0500018	0.500026	0.160009	
1462	0.0500018	0.500026	0.160009	
1463	0.0500018	0.500026	0.160009	
1464	0.0500018	0.500026	0.160009	
1465	0.0500018	0.500026	0.160009	
1466	0.0500018	0.500026	0.160009	
1467	0.0500018	0.500026	0.160009	
1468	0.0500018	0.500026	0.160009	
1469	0.0500018	0.500026	0.160009	
1470	0.0500018	0.500026	0.160009	
1471	0.0500018	0.500026	0.160009	
1472	0.0500018	0.500026	0.160009	
1473	0.0500018	0.500026	0.160009	
1474	0.0500018	0.500026	0.160009	
1475	0.0500018	0.500026	0.160009	
1476	0.0500018	0.500026	0.160009	
1477	0.0500018	0.500026	0.160009	
1478	0.0500018	0.500026	0.160009	
1479	0.0500018	0.500026	0.160009	
1480	0.0500018	0.500026	0.160009	
1481	0.0500018	0.500026	0.160009	
1482	0.0500018	0.500026	0.160009	
1483	0.0500018	0.500026	0.160009	
1484	0.0500018	0.500026	0.160009	
1485	0.0500018	0.500026	0.160009	
1486	0.0500018	0.500026	0.160009	
1487	0.0500018	0.500026	0.160009	
1488	0.0500018	0.500026	0.160009	
1489	0.0500018	0.500026	0.160009	
1490	0.0500018	0.500026	0.160009	
1491	0.0500018	0.500026	0.160009	
1492	0.0500018	0.500026	0.160009	
1493	0.0500018	0.500026	0.160009	
1494	0.0500018	0.500026	0.160009	
1495	0.0500018	0.500026	0.160009	
1496	0.0500018	0.500026	0.160009	
1497	0.0500018	0.500026	0.160009	
1498	0.0500018	0.500026	0.160009	
1499	0.0500018	0.500026	0.160009	
1500	0.0500018	0.500026	0.160009	
1501	0.0500018	0.500026	0.160009	
1502	0.0500018	0.500026	0.160009	
1503	0.0500018	0.500026	0.160009	
1504	0.0500018	0.500026	0.160009	
1505	0.0500018	0.500026	0.160009	
1506	0.0500018	0.500026	0.160009	
1507	0.0500018	0.500026	0.160009	
1508	0.0500018	0.500026	0.160009	
1509	0.0500018	0.500026	0.160009	
1510	0.0500018	0.500026	0.160009	
1511	0.0500018	0.500026	0.160009	
1512	0.0500018	0.500026	0.160009	
1513	0.0500018	0.500026	0.160009	
1514	0.0500018	0.500026	0.160009	
1515	0.0500018	0.500026	0.160009	
1516	0.0500018	0.500026	0.160009	
1517	0.0500018	0.500026	0.160009	
1518	0.0500018	0.500026	0.160009	
1519	0.0500018	0.500026	0.160009	
1520	0.0500018	0.500026	0.160009	
1521	0.0500018	0.500026	0.160009	
1522	0.0500018	0.500026	0.160009	
1523	0.0500018	0.500026	0.160009	
1524	0.0500018	0.500026	0.160009	
1525	0.0500018	0.500026	0.160009	
1526	0.0500018	0.500026	0.160009	
1527	0.0500018	0.500026	0.160009	
1528	0.0500018	0.500026	0.160009	
1529	0.0500018	0.500026	0.160009	
1530	0.0500018	0.500026	0.160009	
1531	0.0500018	0.500026	0.160009	
1532	0.0500018	0.500026	0.160009	
1533	0.0500018	0.500026	0.160009	
1534	0.0500018	0.500026	0.160009	
1535	0.0500018	0.500026	0.160009	
1536	0.0500018	0.500026	0.160009	
1537	0.0500018	0.500026	0.160009	
1538	0.0500018	0.500026	0.160009	
1539	0.0500018	0.500026	0.160009	
1540	0.0500018	0.500026	0.160009	
1541	0.0500018	0.500026	0.160009	
1542	0.0500018	0.500026	0.160009	
1543	0.0500018	0.500026	0.160009	
1544	0.0500018	0.500026	0.160009	
1545	0.0500018	0.500026	0.160009	
1546	0.0500018	0.500026	0.160009	
1547	0.0500018	0.500026	0.160009	
1548	0.0500018	0.500026	0.160009	
1549	0.0500018	0.500026	0.160009	
1550	0.0500018	0.500026	0.160009	
1551	0.0500018	0.500026	0.160009	
1552	0.0500018	0.500026	0.160009	
1553	0.0500018	0.500026	0.160009	
1554	0.0500018	0.500026	0.160009	
1555	0.0500018	0.500026	0.160009	
1556	0.0500018	0.500026	0.160009	
1557	0.0500018	0.500026	0.160009	
1558	0.0500018	0.500026	0.160009	
1559	0.0500018	0.500026	0.160009	
1560	0.0500018	0.500026	0.160009	
1561	0.0500018	0.500026	0.160009	
1562	0.0500018	0.500026	0.160009	
1563	0.0500018	0.500026	0.160009	
1564	0.0500018	0.500026	0.160009	
1565	0.0500018	0.500026	0.160009	
1566	0.0500018	0.500026	0.160009	
1567	0.0500018	0.500026	0.160009	
1568	0.0500018	0.500026	0.160009	
1569	0.0500018	0.500026	0.160009	
1570	0.0500018	0.500026	0.160009	
1571	0.0500018	0.500026	0.160009	
1572	0.0500018	0.500026	0.160009	
1573	0.0500018	0.500026	0.160009	
1574	0.0500018	0.500026	0.160009	
1575	0.0500018	0.500026	0.160009	
1576	0.0500018	0.500026	0.160009	
1577	0.0500018	0.500026	0.160009	
1578	0.0500018	0.500026	0.160009	
1579	0.0500018	0.500026	0.160009	
1580	0.0500018	0.500026	0.160009	
1581	0.0500018	0.500026	0.160009	
1582	0.0500018	0.500026	0.160009	
1583	0.0500018	0.500026	0.160009	
1584	0.0500018	0.500026	0.160009	
1585	0.0500018	0.500026	0.160009	
1586	0.0500018	0.500026	0.160009	
1587	0.0500018	0.500026	0.160009	
1588	0.0500018	0.500026	0.160009	
1589	0.0500018	0.500026	0.160009	
1590	0.0500018	0.500026	0.160009	
1591	0.0500018	0.500026	0.160009	
1592	0.0500018	0.500026	0.160009	
1593	0.0500018	0.500026	0.160009	
1594	0.0500018	0.500026	0.160009	
1595	0.0500018	0.500026	0.160009	
1596	0.0500018	0.500026	0.160009	
1597	0.0500018	0.500026	0.160009	
1598	0.0500018	0.500026	0.160009	
1599	0.0500018	0.500026	0.160009	
1600	0.0500018	0.500026	0.160009	
1601	0.0500018	0.500026	0.160009	
1602	0.0500018	0.500026	0.160009	
1603	0.0500018	0.500026	0.160009	
1604	0.0500018	0.500026	0.160009	
1605	0.0500018	0.500026	0.160009	
1606	0.0500018	0.500026	0.160009	
1607	0.0500018	0.500026	0.160009	
1608	0.0500018	0.500026	0.160009	
1609	0.0500018	0.500026	0.160009	
1610	0.0500018	0.500026	0.160009	
1611	0.0500018	0.500026	0.160009	
1612	0.0500018	0.500026	0.160009	
1613	0.0500018	0.500026	0.160009	
1614	0.0500018	0.500026	0.160009	
1615	0.0500018	0.500026	0.160009	
1616	0.0500018	0.500026	0.160009	
1617	0.0500018	0.500026	0.160009	
1618	0.0500018	0.500026	0.160009	
1619	0.0500018	0.500026	0.160009	
1620	0.0500018	0.500026	0.160009	
1621	0.0500018	0.500026	0.160009	
1622	0.0500018	0.500026	0.160009	
1623	0.0500018	0.500026	0.160009	
1624	0.0500018	0.500026	0.160009	
1625	0.0500018	0.500026	0.160009	
1626	0.0500018	0.500026	0.160009	
1627	0.0500018	0.500026	0.160009	
1628	0.0500018	0.500026	0.160009	
1629	0.0500018	0.500026	0.160009	
1630	0.0500018	0.500026	0.160009	
1631	0.0500018	0.500026	0.160009	
1632	0.0500018	0.500026	0.160009	
1633	0.0500018	0.500026	0.160009	
1634	0.0500018	0.500026	0.160009	
1635	0.0500018	0.500026	0.160009	
1636	0.0500018	0.500026	0.160009	
1637	0.0500018	0.500026	0.160009	
1638	0.0500018	0.500026	0.160009	
1639	0.0500018	0.500026	0.160009	
1640	0.0500018	0.500026	0.160009	
1641	0.0500018	0.500026	0.160009	
1642	0.0500018	0.500026	0.160009	
1643	0.0500018	0.500026	0.160009	
1644	0.0500018	0.500026	0.160009	
1645	0.0500018	0.500026	0.160009	
1646	0.0500018	0.500026	0.160009	
1647	0.0500018	0.500026	0.160009	
1648	0.0500018	0.500026	0.160009	
1649	0.0500018	0.500026	0.160009	
1650	0.0500018	0.500026	0.160009	
1651	0.0500018	0.500026	0.160009	
1652	0.0500018	0.500026	0.160009	
1653	0.0500018	0.500026	0.160009	
1654	0.0500018	0.500026	0.160009	
1655	0.0500018	0.500026	0.160009	
1656	0.0500018	0.500026	0.160009	
1657	0.0500018	0.500026	0.160009	
1658	0.0500018	0.500026	0.160009	
1659	0.0500018	0.500026	0.160009	
1660	0.0500018	0.500026	0.160009	
1661	0.0500018	0.500026	0.160009	
1662	0.0500018	0.500026	0.160009	
1663	0.0500018	0.500026	0.160009	
1664	0.0500018	0.500026	0.160009	
1665	0.0500018	0.500026	0.160009	
1666	0.0500018	0.500026	0.160009	
1667	0.0500018	0.500026	0.160009	
1668	0.0500018	0.500026	0.160009	
1669	0.0500018	0.500026	0.160009	
1670	0.0500018	0.500026	0.160009	
1671	0.0500018	0.500026	0.160009	
1672	0.0500018	0.500026	0.160009	
1673	0.0500018	0.500026	0.160009	
1674	0.0500018	0.500026	0.160009	
1675	0.0500018	0.500026	0.160009	
1676	0.0500018	0.500026	0.160009	
1677	0.0500018	0.500026	0.160009	
1678	0.0500018	0.500026	0.160009	
1679	0.0500018	0.500026	0.160009	
1680	0.0500018	0.500026	0.160009	
1681	0.0500018	0.500026	0.160009	
1682	0.0500018	0.500026	0.160009	
1683	0.0500018	0.500026	0.160009	
1684	0.0500018	0.500026	0.160009	
1685	0.0500018	0.500026	0.160009	
1686	0.0500018	0.500026	0.160009	
1687	0.0500018	0.500026	0.160009	
1688	0.0500018	0.500026	0.160009	
1689	0.0500018	0.500026	0.160009	
1690	0.0500018	0.500026	0.160009	
1691	0.0500018	0.500026	0.160009	
1692	0.0500018	0.500026	0.160009	
1693	0.0500018	0.500026	0.160009	
1694	0.0500018	0.500026	0.160009	
1695	0.0500018	0.500026	0.160009	
1696	0.0500018	0.500026	0.160009	
1697	0.0500018	0.500026	0.160009	
1698	0.0500018	0.500026	0.160009	
1699	0.0500018	0.500026	0.160009	
1700	0.0500018	0.500026	0.160009	
1701	0.0500018	0.500026	0.160009	
1702	0.0500018	0.500026	0.160009	
1703	0.0500018	0.500026	0.160009	
1704	0.0500018	0.500026	0.160009	
1705	0.0500018	0.500026	0.160009	
1706	0.0500018	0.500026	0.160009	
1707	0.0500018	0.500026	0.160009	
1708	0.0500018	0.500026	0.160009	
1709	0.0500018	0.500026	0.160009	
1710	0.0500018	0.500026	0.160009	
1711	0.0500018	0.500026	0.160009	
1712	0.0500018	0.500026	0.160009	
1713	0.0500018	0.500026	0.160009	
1714	0.0500018	0.500026	0.160009	
1715	0.0500018	0.500026	0.160009	
1716	0.0500018	0.500026	0.160009	
1717	0.0500018	0.500026	0.160009	
1718	0.0500018	0.500026	0.160009	
1719	0.0500018	0.500026	0.160009	
1720	0.0500018	0.500026	0.160009	
1721	0.0500018	0.500026	0.160009	
1722	0.0500018	0.500026	0.160009	
1723	0.0500018	0.500026	0.160009	
1724	0.0500018	0.500026	0.160009	
1725	0.0500018	0.500026	0.160009	
1726	0.0500018	0.500026	0.160009	
1727	0.0500018	0.500026	0.160009	
1728	0.0500018	0.500026	0.160009	
1729	0.0500018	0.500026	0.160009	
1730	0.0500018	0.500026	0.160009	
1731	0.0500018	0.500026	0.160009	
1732	0.0500018	0.500026	0.160009	
1733	0.0500018	0.500026	0.160009	
1734	0.0500018	0.500026	0.160009	
1735	0.0500018	0.500026	0.160009	
1736	0.0500018	0.500026	0.160009	
1737	0.0500018	0.500026	0.160009	
1738	0.0500018	0.500026	0.160009	
1739	0.0500018	0.500026	0.160009	
1740	0.0500018	0.500026	0.160009	
1741	0.0500018	0.500026	0.160009	
1742	0.0500018	0.500026	0.160009	
1743	0.0500018	0.500026	0.160009	
1744	0.0500018	0.500026	0.160009	
1745	0.0500018	0.500026	0.160009	
1746	0.0500018	0.500026	0.160009	
1747	0.0500018	0.500026	0.160009	
1748	0.0500018	0.500026	0.160009	
1749	0.0500018	0.500026	0.160009	
1750	0.0500018	0.500026	0.160009	
1751	0.0500018	0.500026	0.160009	
1752	0.0500018	0.500026	0.160009	
1753	0.0500018	0.500026	0.160009	
1754	0.0500018	0.500026	0.160009	
1755	0.0500018	0.500026	0.160009	
1756	0.0500018	0.500026	0.160009	
1757	0.0500018	0.500026	0.160009	
1758	0.0500018	0.500026	0.160009	
1759	0.0500018	0.500026	0.160009	
1760	0.0500018	0.500026	0.160009	
1761	0.0500018	0.500026	0.160009	
1762	0.0500018	0.500026	0.160009	
1763	0.0500018	0.500026	0.160009	
1764	0.0500018	0.500026	0.160009	
1765	0.0500018	0.500026	0.160009	
1766	0.0500018	0.500026	0.160009	
1767	0.0500018	0.500026	0.160009	
1768	0.0500018	0.500026	0.160009	
1769	0.0500018	0.500026	0.160009	
1770	0.0500018	0.500026	0.160009	
1771	0.0500018	0.500026	0.160009	
1772	0.0500018	0.500026	0.160009	
1773	0.0500018	0.500026	0.160009	
1774	0.0500018	0.500026	0.160009	
1775	0.0500018	0.500026	0.160009	
1776	0.0500018	0.500026	0.160009	
1777	0.0500018	0.500026	0.160009	
1778	0.0500018	0.500026	0.160009	
1779	0.0500018	0.500026	0.160009	
1780	0.0500018	0.500026	0.160009	
1781	0.0500018	0.500026	0.160009	
1782	0.0500018	0.500026	0.160009	
1783	0.0500018	0.500026	0.160009	
1784	0.0500018	0.500026	0.160009	
1785	0.0500018	0.500026	0.160009	
1786	0.0500018	0.500026	0.160009	
1787	0.0500018	0.500026	0.160009	
1788	0.0500018	0.500026	0.160009	
1789	0.0500018	0.500026	0.160009	
1790	0.0500018	0.500026	0.160009	
1791	0.0500018	0.500026	0.160009	
1792	0.0500018	0.500026	0.160009	
1793	0.0500018	0.500026	0.160009	
1794	0.0500018	0.500026	0.160009	
1795	0.0500018	0.500026	0.160009	
1796	0.0500018	0.500026	0.160009	
1797	0.0500018	0.500026	0.160009	
1798	0.0500018	0.500026	0.160009	
1799	0.0500018	0.500026	0.160009	
1800	0.0500018	0.500026	0.160009	
1801	0.0500018	0.500026	0.160009	
1802	0.0500018	0.500026	0.160009	
1803	0.0500018	0.500026	0.160009	
1804	0.0500018	0.500026	0.160009	
1805	0.0500018	0.500026	0.160009	
1806	0.0500018	0.500026	0.160009	
1807	0.0500018	0.500026	0.160009	
1808	0.0500018	0.500026	0.160009	
1809	0.0500018	0.500026	0.160009	
1810	0.0500018	0.500026	0.160009	
1811	0.0500018	0.500026	0.160009	
1812	0.0500018	0.500026	0.160009	
1813	0.0500018	0.500026	0.160009	
1814	0.0500018	0.500026	0.160009	
1815	0.0500018	0.500026	0.160009	
1816	0.0500018	0.500026	0.160009	
1817	0.0500018	0.500026	0.160009	
1818	0.0500018	0.500026	0.160009	
1819	0.0500018	0.500026	0.160009	
1820	0.0500018	0.500026	0.160009	
1821	0.0500018	0.500026	0.160009	
1822	0.0500018	0.500026	0.160009	
1823	0.0500018	0.500026	0.160009	
1824	0.0500018	0.500026	0.160009	
1825	0.0500018	0.500026	0.160009	
1826	0.0500018	0.500026	0.160009	
1827	0.0500018	0.500026	0.160009	
1828	0.0500018	0.500026	0.160009	
1829	0.0500018	0.500026	0.160009	
1830	0.0500018	0.500026	0.160009	
1831	0.0500018	0.500026	0.160009	
1832	0.0500018	0.500026	0.160009	
1833	0.0500018	0.500026	0.160009	
1834	0.0500018	0.500026	0.160009	
1835	0.0500018	0.500026	0.160009	
1836	0.0500018	0.500026	0.160009	
1837	0.0500018	0.500026	0.160009	
1838	0.0500018	0.500026	0.160009	
1839	0.0500018	0.500026	0.160009	
1840	0.0500018	0.500026	0.160009	
1841	0.0500018	0.500026	0.160009	
1842	0.0500018	0.500026	0.160009	
1843	0.0500018	0.500026	0.160009	
1844	0.0500018	0.500026	0.160009	
1845	0.0500018	0.500026	0.160009	
1846	0.0500018	0.500026	0.160009	
1847	0.0500018	0.500026	0.160009	
1848	0.0500018	0.500026	0.160009	
1849	0.0500018	0.500026	0.160009	
1850	0.0500018	0.500026	0.160009	
1851	0.0500018	0.500026	0.160009	
1852	0.0500018	0.500026	0.160009	
1853	0.0500018	0.500026	0.160009	
1854	0.0500018	0.500026	0.160009	
1855	0.0500018	0.500026	0.160009	
1856	0.0500018	0.500026	0.160009	
1857	0.0500018	0.500026	0.160009	
1858	0.0500018	0.500026	0.160009	
1859	0.0500018	0.500026	0.160009	
1860	0.0500018	0.500026	0.160009	
1861	0.0500018	0.500026	0.160009	
1862	0.0500018	0.500026	0.160009	
1863	0.0500018	0.500026	0.160009	
1864	0.0500018	0.500026	0.160009	
1865	0.0500018	0.500026	0.160009	
1866	0.0500018	0.500026	0.160009	
1867	0.0500018	0.500026	0.160009	
1868	0.0500018	0.500026	0.160009	
1869	0.0500018	0.500026	0.160009	
1870	0.0500018	0.500026	0.160009	
1871	0.0500018	0.500026	0.160009	
1872	0.0500018	0.500026	0.160009	
1873	0.0500018	0.500026	0.160009	
1874	0.0500018	0.500026	0.160009	
1875	0.0500018	0.500026	0.160009	
1876	0.0500018	0.500026	0.160009	
1877	0.0500018	0.500026	0.160009	
1878	0.0500018	0.500026	0.160009	
1879	0.0500018	0.500026	0.160009	
1880	0.0500018	0.500026	0.160009	
1881	0.0500018	0.500026	0.160009	
1882	0.0500018	0.500026	0.160009	
1883	0.0500018	0.500026	0.160009	
1884	0.0500018	0.500026	0.160009	
1885	0.0500018	0.500026	0.160009	
1886	0.0500018	0.500026	0.160009	
1887	0.0500018	0.500026	0.160009	
1888	0.0500018	0.500026	0.160009	
1889	0.0500018	0.500026	0.160009	
1890	0.0500018	0.500026	0.160009	
1891	0.0500018	0.500026	0.160009	
1892	0.0500018	0.500026	0.160009	
1893	0.0500018	0.500026	0.160009	
1894	0.0500018	0.500026	0.160009	
1895	0.0500018	0.500026	0.160009	
1896	0.0500018	0.500026	0.160009	
1897	0.0500018	0.500026	0.160009	
1898	0.0500018	0.500026	0.160009	
1899	0.0500018	0.500026	0.160009	
1900	0.0500018	0.500026	0.160009	
1901	0.0500018	0.500026	0.160009	
1902	0.0500018	0.500026	0.160009	
1903	0.0500018	0.500026	0.160009	
1904	0.0500018	0.500026	0.160009	
1905	0.0500018	0.500026	0.160009	
1906	0.0500018	0.500026	0.160009	
1907	0.0500018	0.500026	0.160009	
1908	0.0500018	0.500026	0.160009	
1909	0.0500018	0.500026	0.160009	
1910	0.0500018	0.500026	0.160009	
1911	0.0500018	0.500026	0.160009	
1912	0.0500018	0.500026	0.160009	
1913	0.0500018	0.500026	0.160009	
1914	0.0500018	0.500026	0.160009	
1915	0.0500018	0.500026	0.160009	
1916	0.0500018	0.500026	0.160009	
1917	0.0500018	0.500026	0.160009	
1918	0.0500018	0.500026	0.160009	
1919	0.0500018	0.500026	0.160009	
1920	0.0500018	0.500026	0.160009	
1921	0.0500018	0.500026	0.160009	
1922	0.0500018	0.500026	0.160009	
1923	0.0500018	0.500026	0.160009	
1924	0.0500018	0.500026	0.160009	
1925	0.0500018	0.500026	0.160009	
1926	0.0500018	0.500026	0.160009	
1927	0.0500018	0.500026	0.160009	
1928	0.0500018	0.500026	0.160009	
1929	0.0500018	0.500026	0.160009	
1930	0.0500018	0.500026	0.160009	
1931	0.0500018	0.500026	0.160009	
1932	0.0500018	0.500026	0.160009	
1933	0.0500018	0.500026	0.160009	
1934	0.0500018	0.500026	0.160009	
1935	0.0500018	0.500026	0.160009	
1936	0.0500018	0.500026	0.160009	
1937	0.0500018	0.500026	0.160009	
1938	0.0500018	0.500026	0.160009	
1939	0.0500018	0.500026	0.160009	
1940	0.0500018	0.500026	0.160009	
1941	0.0500018	0.500026	0.160009	
1942	0.0500018	0.500026	0.160009	
1943	0.0500018	0.500026	0.160009	
1944	0.0500018	0.500026	0.160009	
1945	0.0500018	0.500026	0.160009	
1946	0.0500018	0.500026	0.160009	
1947	0.0500018	0.500026	0.160009	
1948	0.0500018	0.500026	0.160009	
1949	0.0500018	0.500026	0.160009	
1950	0.0500018	0.500026	0.160009	
1951	0.0500018	0.500026	0.160009	
1952	0.0500018	0.500026	0.160009	
1953	0.0500018	0.500026	0.160009	
1954	0.0500018	0.500026	0.160009	
1955	0.0500018	0.500026	0.160009	
1956	0.0500018	0.500026	0.160009	
1957	0.0500018	0.500026	0.160009	
1958	0.0500018	0.500026	0.160009	
1959	0.0500018	0.500026	0.160009	
1960	0.0500018	0.500026	0.160009	
1961	0.0500018	0.500026	0.160009	
1962	0.0500018	0.500026	0.160009	
1963	0.0500018	0.500026	0.160009	
1964	0.0500018	0.500026	0.160009	
1965	0.0500018	0.500026	0.160009	
1966	0.0500018	0.500026	0.160009	
1967	0.0500018	0.500026	0.160009	
1968	0.0500018	0.500026	0.160009	
1969	0.0500018	0.500026	0.160009	
1970	0.0500018	0.500026	0.160009	
1971	0.0500018	0.500026	0.160009	
1972	0.0500018	0.500026	0.160009	
1973	0.0500018	0.500026	0.160009	
1974	0.0500018	0.500026	0.160009	
1975	0.0500018	0.500026	0.160009	
1976	0.0500018	0.500026	0.160009	
1977	0.0500018	0.500026	0.160009	
1978	0.0500018	0.500026	0.160009	
1979	0.0500018	0.500026	0.160009	
1980	0.0500018	0.500026	0.160009	
1981	0.0500018	0.500026	0.160009	
1982	0.0500018	0.500026	0.160009	
1983	0.0500018	0.500026	0.160009	
1984	0.0500018	0.500026	0.160009	
1985	0.0500018	0.500026	0.160009	
1986	0.0500018	0.500026	0.160009	
1987	0.0500018	0.500026	0.160009	
1988	0.0500018	0.500026	0.160009	
1989	0.0500018	0.500026	0.160009	
1990	0.0500018	0.500026	0.160009	
1991	0.0500018	0.500026	0.160009	
1992	0.0500018	0.500026	0.160009	
1993	0.0500018	0.500026	0.160009	
1994	0.0500018	0.500026	0.160009	
1995	0.0500018	0.500026	0.160009	
1996	0.0500018	0.500026	0.160009	
1997	0.0500018	0.500026	0.160009	
1998	0.0500018	0.500026	0.160009	
1999	0.0500018	0.500026	0.160009	
2000	0.0500018	0.500026	0.160009	
