# Time	[X1]	[X2]	[X3]	
0	0.1	0.4	0.2	
1	0.078942	0.429287	0.182927	
2	0.0681113	0.449992	0.169798	
3	0.0618028	0.463659	0.161213	
4	0.057846	0.471882	0.156578	
5	0.0552397	0.476551	0.154522	
6	0.0534658	0.479202	0.153813	
7	0.0522324	0.480781	0.153701	
8	0.0513629	0.481792	0.153817	
9	0.0507448	0.482489	0.154001	
10	0.0503032	0.483005	0.154188	
11	0.0499869	0.48341	0.154357	
12	0.0497605	0.483742	0.154503	
13	0.0495986	0.484026	0.154627	
14	0.0494834	0.484276	0.154734	
15	0.0494021	0.484501	0.154828	
16	0.0493452	0.484709	0.154911	
17	0.0493062	0.484904	0.154986	
18	0.0492801	0.485088	0.155054	
19	0.0492634	0.485265	0.155118	
20	0.0492535	0.485435	0.155179	
21	0.0492486	0.485601	0.155237	
22	0.0492472	0.485763	0.155292	
23	0.0492484	0.485921	0.155346	
24	0.0492515	0.486076	0.155399	
25	0.049256	0.486229	0.15545	
26	0.0492614	0.48638	0.1555	
27	0.0492674	0.486528	0.15555	
28	0.049274	0.486675	0.155599	
29	0.0492808	0.486819	0.155647	
30	0.0492878	0.486962	0.155694	
31	0.049295	0.487104	0.155741	
32	0.0493023	0.487243	0.155787	
33	0.0493096	0.487381	0.155833	
34	0.0493168	0.487518	0.155878	
35	0.0493241	0.487652	0.155922	
36	0.0493313	0.487786	0.155966	
37	0.0493385	0.487918	0.15601	
38	0.0493456	0.488048	0.156053	
39	0.0493527	0.488177	0.156096	
40	0.0493597	0.488305	0.156138	
41	0.0493666	0.488431	0.156179	
42	0.0493735	0.488556	0.156221	
43	0.0493803	0.48868	0.156261	
44	0.049387	0.488802	0.156302	
45	0.0493936	0.488923	0.156342	
46	0.0494002	0.489042	0.156381	
47	0.0494067	0.48916	0.15642	
48	0.0494131	0.489277	0.156459	
49	0.0494195	0.489393	0.156497	
50	0.0494258	0.489507	0.156535	
51	0.049432	0.489621	0.156572	
52	0.0494382	0.489733	0.156609	
53	0.0494443	0.489843	0.156646	
54	0.0494503	0.489953	0.156682	
55	0.0494562	0.490061	0.156718	
56	0.0494621	0.490168	0.156753	
57	0.049468	0.490274	0.156788	
58	0.0494737	0.490379	0.156823	
59	0.0494794	0.490483	0.156857	
60	0.0494851	0.490586	0.156891	
61	0.0494906	0.490687	0.156924	
62	0.0494962	0.490787	0.156957	
63	0.0495016	0.490887	0.15699	
64	0.049507	0.490985	0.157023	
65	0.0495124	0.491082	0.157055	
66	0.0495176	0.491178	0.157087	
67	0.0495228	0.491273	0.157118	
68	0.049528	0.491367	0.157149	
69	0.0495331	0.49146	0.15718	
70	0.0495382	0.491552	0.15721	
71	0.0495432	0.491643	0.15724	
72	0.0495481	0.491733	0.15727	
73	0.049553	0.491822	0.157299	
74	0.0495578	0.491911	0.157328	
75	0.0495626	0.491998	0.157357	
76	0.0495673	0.492084	0.157386	
77	0.049572	0.492169	0.157414	
78	0.0495766	0.492254	0.157442	
79	0.0495812	0.492337	0.157469	
80	0.0495858	0.49242	0.157496	
81	0.0495902	0.492501	0.157523	
82	0.0495947	0.492582	0.15755	
83	0.049599	0.492662	0.157576	
84	0.0496034	0.492741	0.157603	
85	0.0496077	0.492819	0.157628	
86	0.0496119	0.492896	0.157654	
87	0.0496161	0.492973	0.157679	
88	0.0496202	0.493048	0.157704	
89	0.0496243	0.493123	0.157729	
90	0.0496284	0.493197	0.157753	
91	0.0496324	0.49327	0.157777	
92	0.0496364	0.493343	0.157801	
93	0.0496403	0.493414	0.157825	
94	0.0496442	0.493485	0.157848	
95	0.049648	0.493555	0.157871	
96	0.0496518	0.493625	0.157894	
97	0.0496556	0.493693	0.157917	
98	0.0496593	0.493761	0.157939	
99	0.049663	0.493828	0.157962	
100	0.0496666	0.493895	0.157984	
101	0.0496702	0.49396	0.158005	
102	0.0496738	0.494025	0.158027	
103	0.0496773	0.49409	0.158048	
104	0.0496808	0.494153	0.158069	
105	0.0496842	0.494216	0.15809	
106	0.0496876	0.494278	0.15811	
107	0.049691	0.49434	0.158131	
108	0.0496943	0.494401	0.158151	
109	0.0496976	0.494461	0.15817	
110	0.0497009	0.49452	0.15819	
111	0.0497041	0.494579	0.15821	
112	0.0497073	0.494638	0.158229	
113	0.0497104	0.494695	0.158248	
114	0.0497136	0.494752	0.158267	
115	0.0497167	0.494809	0.158285	
116	0.0497197	0.494865	0.158304	
117	0.0497227	0.49492	0.158322	
118	0.0497257	0.494974	0.15834	
119	0.0497287	0.495028	0.158358	
120	0.0497316	0.495082	0.158376	
121	0.0497345	0.495135	0.158393	
122	0.0497374	0.495187	0.15841	
123	0.0497402	0.495239	0.158427	
124	0.049743	0.49529	0.158444	
125	0.0497458	0.495341	0.158461	
126	0.0497485	0.495391	0.158478	
127	0.0497512	0.49544	0.158494	
128	0.0497539	0.495489	0.15851	
129	0.0497565	0.495538	0.158526	
130	0.0497592	0.495586	0.158542	
131	0.0497618	0.495633	0.158558	
132	0.0497643	0.49568	0.158573	
133	0.0497669	0.495727	0.158589	
134	0.0497694	0.495772	0.158604	
135	0.0497719	0.495818	0.158619	
136	0.0497743	0.495863	0.158634	
137	0.0497767	0.495907	0.158648	
138	0.0497791	0.495951	0.158663	
139	0.0497815	0.495995	0.158677	
140	0.0497839	0.496038	0.158691	
141	0.0497862	0.49608	0.158705	
142	0.0497885	0.496123	0.158719	
143	0.0497908	0.496164	0.158733	
144	0.049793	0.496205	0.158747	
145	0.0497953	0.496246	0.15876	
146	0.0497975	0.496287	0.158774	
147	0.0497997	0.496327	0.158787	
148	0.0498018	0.496366	0.1588	
149	0.0498039	0.496405	0.158813	
150	0.0498061	0.496444	0.158825	
151	0.0498081	0.496482	0.158838	
152	0.0498102	0.49652	0.158851	
153	0.0498123	0.496557	0.158863	
154	0.0498143	0.496594	0.158875	
155	0.0498163	0.496631	0.158887	
156	0.0498183	0.496667	0.158899	
157	0.0498202	0.496703	0.158911	
158	0.0498222	0.496738	0.158923	
159	0.0498241	0.496773	0.158934	
160	0.049826	0.496808	0.158946	
161	0.0498278	0.496842	0.158957	
162	0.0498297	0.496876	0.158968	
163	0.0498315	0.49691	0.158979	
164	0.0498333	0.496943	0.15899	
165	0.0498351	0.496976	0.159001	
166	0.0498369	0.497009	0.159012	
167	0.0498387	0.497041	0.159023	
168	0.0498404	0.497073	0.159033	
169	0.0498421	0.497104	0.159044	
170	0.0498438	0.497135	0.159054	
171	0.0498455	0.497166	0.159064	
172	0.0498472	0.497197	0.159074	
173	0.0498488	0.497227	0.159084	
174	0.0498505	0.497257	0.159094	
175	0.0498521	0.497286	0.159104	
176	0.0498537	0.497315	0.159113	
177	0.0498552	0.497344	0.159123	
178	0.0498568	0.497373	0.159132	
179	0.0498583	0.497401	0.159142	
180	0.0498599	0.497429	0.159151	
181	0.0498614	0.497457	0.15916	
182	0.0498629	0.497484	0.159169	
183	0.0498643	0.497511	0.159178	
184	0.0498658	0.497538	0.159187	
185	0.0498673	0.497564	0.159196	
186	0.0498687	0.497591	0.159204	
187	0.0498701	0.497616	0.159213	
188	0.0498715	0.497642	0.159221	
189	0.0498729	0.497667	0.15923	
190	0.0498743	0.497693	0.159238	
191	0.0498756	0.497717	0.159246	
192	0.0498769	0.497742	0.159254	
193	0.0498783	0.497766	0.159262	
194	0.0498796	0.49779	0.15927	
195	0.0498809	0.497814	0.159278	
196	0.0498822	0.497838	0.159286	
197	0.0498834	0.497861	0.159294	
198	0.0498847	0.497884	0.159301	
199	0.0498859	0.497907	0.159309	
200	0.0498872	0.497929	0.159316	
201	0.0498884	0.497951	0.159323	
202	0.0498896	0.497974	0.159331	
203	0.0498908	0.497995	0.159338	
204	0.049892	0.498017	0.159345	
205	0.0498931	0.498038	0.159352	
206	0.0498943	0.498059	0.159359	
207	0.0498954	0.49808	0.159366	
208	0.0498965	0.498101	0.159373	
209	0.0498976	0.498121	0.15938	
210	0.0498988	0.498142	0.159386	
211	0.0498998	0.498162	0.159393	
212	0.0499009	0.498181	0.159399	
213	0.049902	0.498201	0.159406	
214	0.049903	0.49822	0.159412	
215	0.0499041	0.498239	0.159419	
216	0.0499051	0.498258	0.159425	
217	0.0499061	0.498277	0.159431	
218	0.0499072	0.498296	0.159437	
219	0.0499082	0.498314	0.159443	
220	0.0499092	0.498332	0.159449	
221	0.0499101	0.49835	0.159455	
222	0.0499111	0.498368	0.159461	
223	0.0499121	0.498386	0.159467	
224	0.049913	0.498403	0.159473	
225	0.0499139	0.49842	0.159478	
226	0.0499149	0.498437	0.159484	
227	0.0499158	0.498454	0.159489	
228	0.0499167	0.498471	0.159495	
229	0.0499176	0.498487	0.1595	
230	0.0499185	0.498503	0.159506	
231	0.0499194	0.49852	0.159511	
232	0.0499202	0.498536	0.159516	
233	0.0499211	0.498551	0.159522	
234	0.049922	0.498567	0.159527	
235	0.0499228	0.498582	0.159532	
236	0.0499236	0.498598	0.159537	
237	0.0499245	0.498613	0.159542	
238	0.0499253	0.498628	0.159547	
239	0.0499261	0.498643	0.159552	
240	0.0499269	0.498657	0.159557	
241	0.0499277	0.498672	0.159561	
242	0.0499284	0.498686	0.159566	
243	0.0499292	0.4987	0.159571	
244	0.04993	0.498714	0.159575	
245	0.0499307	0.498728	0.15958	
246	0.0499315	0.498742	0.159585	
247	0.0499322	0.498755	0.159589	
248	0.049933	0.498769	0.159593	
249	0.0499337	0.498782	0.159598	
250	0.0499344	0.498795	0.159602	
251	0.0499351	0.498808	0.159607	
252	0.0499358	0.498821	0.159611	
253	0.0499365	0.498834	0.159615	
254	0.0499372	0.498846	0.159619	
255	0.0499379	0.498859	0.159623	
256	0.0499385	0.498871	0.159627	
257	0.0499392	0.498883	0.159631	
258	0.0499399	0.498895	0.159635	
259	0.0499405	0.498907	0.159639	
260	0.0499412	0.498919	0.159643	
261	0.0499418	0.498931	0.159647	
262	0.0499424	0.498942	0.159651	
263	0.049943	0.498954	0.159655	
264	0.0499437	0.498965	0.159658	
265	0.0499443	0.498976	0.159662	
266	0.0499449	0.498987	0.159666	
267	0.0499455	0.498998	0.159669	
268	0.0499461	0.499009	0.159673	
269	0.0499466	0.49902	0.159676	
270	0.0499472	0.49903	0.15968	
271	0.0499478	0.499041	0.159683	
272	0.0499484	0.499051	0.159687	
273	0.0499489	0.499062	0.15969	
274	0.0499495	0.499072	0.159694	
275	0.04995	0.499082	0.159697	
276	0.0499506	0.499092	0.1597	
277	0.0499511	0.499102	0.159703	
278	0.0499516	0.499111	0.159707	
279	0.0499521	0.499121	0.15971	
280	0.0499527	0.49913	0.159713	
281	0.0499532	0.49914	0.159716	
282	0.0499537	0.499149	0.159719	
283	0.0499542	0.499158	0.159722	
284	0.0499547	0.499167	0.159725	
285	0.0499552	0.499176	0.159728	
286	0.0499557	0.499185	0.159731	
287	0.0499561	0.499194	0.159734	
288	0.0499566	0.499203	0.159737	
289	0.0499571	0.499212	0.15974	
290	0.0499576	0.49922	0.159743	
291	0.049958	0.499229	0.159745	
292	0.0499585	0.499237	0.159748	
293	0.0499589	0.499245	0.159751	
294	0.0499594	0.499253	0.159754	
295	0.0499598	0.499261	0.159756	
296	0.0499602	0.499269	0.159759	
297	0.0499607	0.499277	0.159761	
298	0.0499611	0.499285	0.159764	
299	0.0499615	0.499293	0.159767	
300	0.0499619	0.499301	0.159769	
301	0.0499624	0.499308	0.159772	
302	0.0499628	0.499316	0.159774	
303	0.0499632	0.499323	0.159777	
304	0.0499636	0.499331	0.159779	
305	0.049964	0.499338	0.159781	
306	0.0499644	0.499345	0.159784	
307	0.0499647	0.499352	0.159786	
308	0.0499651	0.499359	0.159789	
309	0.0499655	0.499366	0.159791	
310	0.0499659	0.499373	0.159793	
311	0.0499663	0.49938	0.159795	
312	0.0499666	0.499387	0.159798	
313	0.049967	0.499393	0.1598	
314	0.0499673	0.4994	0.159802	
315	0.0499677	0.499406	0.159804	
316	0.0499681	0.499413	0.159806	
317	0.0499684	0.499419	0.159808	
318	0.0499687	0.499425	0.15981	
319	0.0499691	0.499432	0.159812	
320	0.0499694	0.499438	0.159815	
321	0.0499698	0.499444	0.159817	
322	0.0499701	0.49945	0.159819	
323	0.0499704	0.499456	0.159821	
324	0.0499707	0.499462	0.159822	
325	0.0499711	0.499468	0.159824	
326	0.0499714	0.499474	0.159826	
327	0.0499717	0.499479	0.159828	
328	0.049972	0.499485	0.15983	
329	0.0499723	0.499491	0.159832	
330	0.0499726	0.499496	0.159834	
331	0.0499729	0.499502	0.159836	
332	0.0499732	0.499507	0.159837	
333	0.0499735	0.499513	0.159839	
334	0.0499738	0.499518	0.159841	
335	0.0499741	0.499523	0.159843	
336	0.0499743	0.499528	0.159844	
337	0.0499746	0.499533	0.159846	
338	0.0499749	0.499539	0.159848	
339	0.0499752	0.499544	0.159849	
340	0.0499754	0.499549	0.159851	
341	0.0499757	0.499553	0.159853	
342	0.049976	0.499558	0.159854	
343	0.0499762	0.499563	0.159856	
344	0.0499765	0.499568	0.159857	
345	0.0499768	0.499573	0.159859	
346	0.049977	0.499577	0.159861	
347	0.0499773	0.499582	0.159862	
348	0.0499775	0.499587	0.159864	
349	0.0499778	0.499591	0.159865	
350	0.049978	0.499596	0.159867	
351	0.0499782	0.4996	0.159868	
352	0.0499785	0.499604	0.159869	
353	0.0499787	0.499609	0.159871	
354	0.049979	0.499613	0.159872	
355	0.0499792	0.499617	0.159874	
356	0.0499794	0.499621	0.159875	
357	0.0499796	0.499626	0.159876	
358	0.0499799	0.49963	0.159878	
359	0.0499801	0.499634	0.159879	
360	0.0499803	0.499638	0.159881	
361	0.0499805	0.499642	0.159882	
362	0.0499807	0.499646	0.159883	
363	0.0499809	0.49965	0.159884	
364	0.0499812	0.499653	0.159886	
365	0.0499814	0.499657	0.159887	
366	0.0499816	0.499661	0.159888	
367	0.0499818	0.499665	0.159889	
368	0.049982	0.499668	0.159891	
369	0.0499822	0.499672	0.159892	
370	0.0499824	0.499676	0.159893	
371	0.0499826	0.499679	0.159894	
372	0.0499828	0.499683	0.159895	
373	0.0499829	0.499686	0.159897	
374	0.0499831	0.49969	0.159898	
375	0.0499833	0.499693	0.159899	
376	0.0499835	0.499696	0.1599	
377	0.0499837	0.4997	0.159901	
378	0.0499839	0.499703	0.159902	
379	0.049984	0.499706	0.159903	
380	0.0499842	0.49971	0.159904	
381	0.0499844	0.499713	0.159905	
382	0.0499846	0.499716	0.159906	
383	0.0499847	0.499719	0.159907	
384	0.0499849	0.499722	0.159908	
385	0.0499851	0.499725	0.159909	
386	0.0499852	0.499728	0.15991	
387	0.0499854	0.499731	0.159911	
388	0.0499856	0.499734	0.159912	
389	0.0499857	0.499737	0.159913	
390	0.0499859	0.49974	0.159914	
391	0.049986	0.499743	0.159915	
392	0.0499862	0.499746	0.159916	
393	0.0499864	0.499749	0.159917	
394	0.0499865	0.499752	0.159918	
395	0.0499867	0.499754	0.159919	
396	0.0499868	0.499757	0.15992	
397	0.049987	0.49976	0.159921	
398	0.0499871	0.499762	0.159922	
399	0.0499872	0.499765	0.159923	
400	0.0499874	0.499768	0.159923	
401	0.0499875	0.49977	0.159924	
402	0.0499877	0.499773	0.159925	
403	0.0499878	0.499775	0.159926	
404	0.0499879	0.499778	0.159927	
405	0.0499881	0.49978	0.159928	
406	0.0499882	0.499783	0.159928	
407	0.0499883	0.499785	0.159929	
408	0.0499885	0.499788	0.15993	
409	0.0499886	0.49979	0.159931	
410	0.0499887	0.499792	0.159932	
411	0.0499889	0.499795	0.159932	
412	0.049989	0.499797	0.159933	
413	0.0499891	0.499799	0.159934	
414	0.0499892	0.499802	0.159935	
415	0.0499893	0.499804	0.159935	
416	0.0499895	0.499806	0.159936	
417	0.0499896	0.499808	0.159937	
418	0.0499897	0.49981	0.159938	
419	0.0499898	0.499812	0.159938	
420	0.0499899	0.499815	0.159939	
421	0.04999	0.499817	0.15994	
422	0.0499902	0.499819	0.15994	
423	0.0499903	0.499821	0.159941	
424	0.0499904	0.499823	0.159942	
425	0.0499905	0.499825	0.159942	
426	0.0499906	0.499827	0.159943	
427	0.0499907	0.499829	0.159944	
428	0.0499908	0.499831	0.159944	
429	0.0499909	0.499833	0.159945	
430	0.049991	0.499834	0.159946	
431	0.0499911	0.499836	0.159946	
432	0.0499912	0.499838	0.159947	
433	0.0499913	0.49984	0.159947	
434	0.0499914	0.499842	0.159948	
435	0.0499915	0.499844	0.159949	
436	0.0499916	0.499845	0.159949	
437	0.0499917	0.499847	0.15995	
438	0.0499918	0.499849	0.15995	
439	0.0499919	0.499851	0.159951	
440	0.049992	0.499852	0.159951	
441	0.0499921	0.499854	0.159952	
442	0.0499922	0.499856	0.159953	
443	0.0499923	0.499857	0.159953	
444	0.0499924	0.499859	0.159954	
445	0.0499924	0.499861	0.159954	
446	0.0499925	0.499862	0.159955	
447	0.0499926	0.499864	0.159955	
448	0.0499927	0.499865	0.159956	
449	0.0499928	0.499867	0.159956	
450	0.0499929	0.499868	0.159957	
451	0.0499929	0.49987	0.159957	
452	0.049993	0.499871	0.159958	
453	0.0499931	0.499873	0.159958	
454	0.0499932	0.499874	0.159959	
455	0.0499933	0.499876	0.159959	
456	0.0499933	0.499877	0.15996	
457	0.0499934	0.499879	0.15996	
458	0.0499935	0.49988	0.159961	
459	0.0499936	0.499881	0.159961	
460	0.0499936	0.499883	0.159961	
461	0.0499937	0.499884	0.159962	
462	0.0499938	0.499885	0.159962	
463	0.0499939	0.499887	0.159963	
464	0.0499939	0.499888	0.159963	
465	0.049994	0.499889	0.159964	
466	0.0499941	0.499891	0.159964	
467	0.0499941	0.499892	0.159965	
468	0.0499942	0.499893	0.159965	
469	0.0499943	0.499894	0.159965	
470	0.0499944	0.499896	0.159966	
471	0.0499944	0.499897	0.159966	
472	0.0499945	0.499898	0.159967	
473	0.0499945	0.499899	0.159967	
474	0.0499946	0.4999	0.159967	
475	0.0499947	0.499902	0.159968	
476	0.0499947	0.499903	0.159968	
477	0.0499948	0.499904	0.159968	
478	0.0499949	0.499905	0.159969	
479	0.0499949	0.499906	0.159969	
480	0.049995	0.499907	0.15997	
481	0.049995	0.499908	0.15997	
482	0.0499951	0.499909	0.15997	
483	0.0499952	0.49991	0.159971	
484	0.0499952	0.499912	0.159971	
485	0.0499953	0.499913	0.159971	
486	0.0499953	0.499914	0.159972	
487	0.0499954	0.499915	0.159972	
488	0.0499954	0.499916	0.159972	
489	0.0499955	0.499917	0.159973	
490	0.0499955	0.499918	0.159973	
491	0.0499956	0.499919	0.159973	
492	0.0499957	0.49992	0.159974	
493	0.0499957	0.499921	0.159974	
494	0.0499958	0.499921	0.159974	
495	0.0499958	0.499922	0.159975	
496	0.0499959	0.499923	0.159975	
497	0.0499959	0.499924	0.159975	
498	0.049996	0.499925	0.159976	
499	0.049996	0.499926	0.159976	
500	0.0499961	0.499927	0.159976	
501	0.0499961	0.499928	0.159976	
502	0.0499962	0.499929	0.159977	
503	0.0499962	0.49993	0.159977	
504	0.0499962	0.49993	0.159977	
505	0.0499963	0.499931	0.159978	
506	0.0499963	0.499932	0.159978	
507	0.0499964	0.499933	0.159978	
508	0.0499964	0.499934	0.159978	
509	0.0499965	0.499935	0.159979	
510	0.0499965	0.499935	0.159979	
511	0.0499966	0.499936	0.159979	
512	0.0499966	0.499937	0.159979	
513	0.0499966	0.499938	0.15998	
514	0.0499967	0.499938	0.15998	
515	0.0499967	0.499939	0.15998	
516	0.0499968	0.49994	0.15998	
517	0.0499968	0.499941	0.159981	
518	0.0499968	0.499941	0.159981	
519	0.0499969	0.499942	0.159981	
520	0.0499969	0.499943	0.159981	
521	0.049997	0.499944	0.159982	
522	0.049997	0.499944	0.159982	
523	0.049997	0.499945	0.159982	
524	0.0499971	0.499946	0.159982	
525	0.0499971	0.499946	0.159983	
526	0.0499972	0.499947	0.159983	
527	0.0499972	0.499948	0.159983	
528	0.0499972	0.499948	0.159983	
529	0.0499973	0.499949	0.159983	
530	0.0499973	0.49995	0.159984	
531	0.0499973	0.49995	0.159984	
532	0.0499974	0.499951	0.159984	
533	0.0499974	0.499952	0.159984	
534	0.0499974	0.499952	0.159984	
535	0.0499975	0.499953	0.159985	
536	0.0499975	0.499953	0.159985	
537	0.0499975	0.499954	0.159985	
538	0.0499976	0.499955	0.159985	
539	0.0499976	0.499955	0.159985	
540	0.0499976	0.499956	0.159986	
541	0.0499977	0.499956	0.159986	
542	0.0499977	0.499957	0.159986	
543	0.0499977	0.499957	0.159986	
544	0.0499978	0.499958	0.159986	
545	0.0499978	0.499959	0.159987	
546	0.0499978	0.499959	0.159987	
547	0.0499978	0.49996	0.159987	
548	0.0499979	0.49996	0.159987	
549	0.0499979	0.499961	0.159987	
550	0.0499979	0.499961	0.159987	
551	0.049998	0.499962	0.159988	
552	0.049998	0.499962	0.159988	
553	0.049998	0.499963	0.159988	
554	0.049998	0.499963	0.159988	
555	0.0499981	0.499964	0.159988	
556	0.0499981	0.499964	0.159988	
557	0.0499981	0.499965	0.159989	
558	0.0499981	0.499965	0.159989	
559	0.0499982	0.499966	0.159989	
560	0.0499982	0.499966	0.159989	
561	0.0499982	0.499967	0.159989	
562	0.0499982	0.499967	0.159989	
563	0.0499983	0.499968	0.159989	
564	0.0499983	0.499968	0.15999	
565	0.0499983	0.499968	0.15999	
566	0.0499983	0.499969	0.15999	
567	0.0499984	0.499969	0.15999	
568	0.0499984	0.49997	0.15999	
569	0.0499984	0.49997	0.15999	
570	0.0499984	0.499971	0.159991	
571	0.0499985	0.499971	0.159991	
572	0.0499985	0.499971	0.159991	
573	0.0499985	0.499972	0.159991	
574	0.0499985	0.499972	0.159991	
575	0.0499985	0.499973	0.159991	
576	0.0499986	0.499973	0.159991	
577	0.0499986	0.499973	0.159991	
578	0.0499986	0.499974	0.159992	
579	0.0499986	0.499974	0.159992	
580	0.0499987	0.499975	0.159992	
581	0.0499987	0.499975	0.159992	
582	0.0499987	0.499975	0.159992	
583	0.0499987	0.499976	0.159992	
584	0.0499987	0.499976	0.159992	
585	0.0499988	0.499976	0.159992	
586	0.0499988	0.499977	0.159993	
587	0.0499988	0.499977	0.159993	
588	0.0499988	0.499977	0.159993	
589	0.0499988	0.499978	0.159993	
590	0.0499988	0.499978	0.159993	
591	0.0499989	0.499978	0.159993	
592	0.0499989	0.499979	0.159993	
593	0.0499989	0.499979	0.159993	
594	0.0499989	0.499979	0.159993	
595	0.0499989	0.49998	0.159994	
596	0.049999	0.49998	0.159994	
597	0.049999	0.49998	0.159994	
598	0.049999	0.499981	0.159994	
599	0.049999	0.499981	0.159994	
600	0.049999	0.499981	0.159994	
601	0.049999	0.499982	0.159994	
602	0.0499991	0.499982	0.159994	
603	0.0499991	0.499982	0.159994	
604	0.0499991	0.499983	0.159994	
605	0.0499991	0.499983	0.159995	
606	0.0499991	0.499983	0.159995	
607	0.0499991	0.499983	0.159995	
608	0.0499991	0.499984	0.159995	
609	0.0499992	0.499984	0.159995	
610	0.0499992	0.499984	0.159995	
611	0.0499992	0.499985	0.159995	
612	0.0499992	0.499985	0.159995	
613	0.0499992	0.499985	0.159995	
614	0.0499992	0.499985	0.159995	
615	0.0499993	0.499986	0.159995	
616	0.0499993	0.499986	0.159996	
617	0.0499993	0.499986	0.159996	
618	0.0499993	0.499986	0.159996	
619	0.0499993	0.499987	0.159996	
620	0.0499993	0.499987	0.159996	
621	0.0499993	0.499987	0.159996	
622	0.0499993	0.499987	0.159996	
623	0.0499994	0.499988	0.159996	
624	0.0499994	0.499988	0.159996	
625	0.0499994	0.499988	0.159996	
626	0.0499994	0.499988	0.159996	
627	0.0499994	0.499988	0.159996	
628	0.0499994	0.499989	0.159996	
629	0.0499994	0.499989	0.159997	
630	0.0499994	0.499989	0.159997	
631	0.0499995	0.499989	0.159997	
632	0.0499995	0.49999	0.159997	
633	0.0499995	0.49999	0.159997	
634	0.0499995	0.49999	0.159997	
635	0.0499995	0.49999	0.159997	
636	0.0499995	0.49999	0.159997	
637	0.0499995	0.499991	0.159997	
638	0.0499995	0.499991	0.159997	
639	0.0499995	0.499991	0.159997	
640	0.0499996	0.499991	0.159997	
641	0.0499996	0.499991	0.159997	
642	0.0499996	0.499992	0.159997	
643	0.0499996	0.499992	0.159998	
644	0.0499996	0.499992	0.159998	
645	0.0499996	0.499992	0.159998	
646	0.0499996	0.499992	0.159998	
647	0.0499996	0.499993	0.159998	
648	0.0499996	0.499993	0.159998	
649	0.0499996	0.499993	0.159998	
650	0.0499997	0.499993	0.159998	
651	0.0499997	0.499993	0.159998	
652	0.0499997	0.499993	0.159998	
653	0.0499997	0.499994	0.159998	
654	0.0499997	0.499994	0.159998	
655	0.0499997	0.499994	0.159998	
656	0.0499997	0.499994	0.159998	
657	0.0499997	0.499994	0.159998	
658	0.0499997	0.499994	0.159998	
659	0.0499997	0.499995	0.159998	
660	0.0499997	0.499995	0.159998	
661	0.0499998	0.499995	0.159999	
662	0.0499998	0.499995	0.159999	
663	0.0499998	0.499995	0.159999	
664	0.0499998	0.499995	0.159999	
665	0.0499998	0.499995	0.159999	
666	0.0499998	0.499996	0.159999	
667	0.0499998	0.499996	0.159999	
668	0.0499998	0.499996	0.159999	
669	0.0499998	0.499996	0.159999	
670	0.0499998	0.499996	0.159999	
671	0.0499998	0.499996	0.159999	
672	0.0499998	0.499996	0.159999	
673	0.0499999	0.499997	0.159999	
674	0.0499999	0.499997	0.159999	
675	0.0499999	0.499997	0.159999	
676	0.0499999	0.499997	0.159999	
677	0.0499999	0.499997	0.159999	
678	0.0499999	0.499997	0.159999	
679	0.0499999	0.499997	0.159999	
680	0.0499999	0.499998	0.159999	
681	0.0499999	0.499998	0.159999	
682	0.0499999	0.499998	0.159999	
683	0.0499999	0.499998	0.16	
684	0.0499999	0.499998	0.16	
685	0.0499999	0.499998	0.16	
686	0.0499999	0.499998	0.16	
687	0.0499999	0.499998	0.16	
688	0.05	0.499998	0.16	
689	0.05	0.499999	0.16	
690	0.05	0.499999	0.16	
691	0.05	0.499999	0.16	
692	0.05	0.499999	0.16	
693	0.05	0.499999	0.16	
694	0.05	0.499999	0.16	
695	0.05	0.499999	0.16	
696	0.05	0.499999	0.16	
697	0.05	0.499999	0.16	
698	0.05	0.5	0.16	
699	0.05	0.5	0.16	
700	0.05	0.5	0.16	
701	0.05	0.5	0.16	
702	0.05	0.5	0.16	
703	0.05	0.5	0.16	
704	0.05	0.5	0.16	
705	0.05	0.5	0.16	
706	0.0500001	0.5	0.16	
707	0.0500001	0.5	0.16	
708	0.0500001	0.500001	0.16	
709	0.0500001	0.500001	0.16	
710	0.0500001	0.500001	0.16	
711	0.0500001	0.500001	0.16	
712	0.0500001	0.500001	0.160001	
713	0.0500001	0.500001	0.160001	
714	0.0500001	0.500001	0.160001	
715	0.0500001	0.500001	0.160001	
716	0.0500001	0.500001	0.160001	
717	0.0500001	0.500001	0.160001	
718	0.0500001	0.500001	0.160001	
719	0.0500001	0.500001	0.160001	
720	0.0500001	0.500002	0.160001	
721	0.0500001	0.500002	0.160001	
722	0.0500001	0.500002	0.160001	
723	0.0500001	0.500002	0.160001	
724	0.0500001	0.500002	0.160001	
725	0.0500001	0.500002	0.160001	
726	0.0500001	0.500002	0.160001	
727	0.0500001	0.500002	0.160001	
728	0.0500002	0.500002	0.160001	
729	0.0500002	0.500002	0.160001	
730	0.0500002	0.500002	0.160001	
731	0.0500002	0.500002	0.160001	
732	0.0500002	0.500002	0.160001	
733	0.0500002	0.500002	0.160001	
734	0.0500002	0.500003	0.160001	
735	0.0500002	0.500003	0.160001	
736	0.0500002	0.500003	0.160001	
737	0.0500002	0.500003	0.160001	
738	0.0500002	0.500003	0.160001	
739	0.0500002	0.500003	0.160001	
740	0.0500002	0.500003	0.160001	
741	0.0500002	0.500003	0.160001	
742	0.0500002	0.500003	0.160001	
743	0.0500002	0.500003	0.160001	
744	0.0500002	0.500003	0.160001	
745	0.0500002	0.500003	0.160001	
746	0.0500002	0.500003	0.160001	
747	0.0500002	0.500003	0.160001	
748	0.0500002	0.500003	0.160001	
749	0.0500002	0.500003	0.160001	
750	0.0500002	0.500004	0.160001	
751	0.0500002	0.500004	0.160001	
752	0.0500002	0.500004	0.160001	
753	0.0500002	0.500004	0.160001	
754	0.0500002	0.500004	0.160001	
755	0.0500002	0.500004	0.160001	
756	0.0500002	0.500004	0.160001	
757	0.0500003	0.500004	0.160002	
758	0.0500003	0.500004	0.160002	
759	0.0500003	0.500004	0.160002	
760	0.0500003	0.500004	0.160002	
761	0.0500003	0.500004	0.160002	
762	0.0500003	0.500004	0.160002	
763	0.0500003	0.500004	0.160002	
764	0.0500003	0.500004	0.160002	
765	0.0500003	0.500004	0.160002	
766	0.0500003	0.500004	0.160002	
767	0.0500003	0.500004	0.160002	
768	0.0500003	0.500005	0.160002	
769	0.0500003	0.500005	0.160002	
770	0.0500003	0.500005	0.160002	
771	0.0500003	0.500005	0.160002	
772	0.0500003	0.500005	0.160002	
773	0.0500003	0.500005	0.160002	
774	0.0500003	0.500005	0.160002	
775	0.0500003	0.500005	0.160002	
776	0.0500003	0.500005	0.160002	
777	0.0500003	0.500005	0.160002	
778	0.0500003	0.500005	0.160002	
779	0.0500003	0.500005	0.160002	
780	0.0500003	0.500005	0.160002	
781	0.0500003	0.500005	0.160002	
782	0.0500003	0.500005	0.160002	
783	0.0500003	0.500005	0.160002	
784	0.0500003	0.500005	0.160002	
785	0.0500003	0.500005	0.160002	
786	0.0500003	0.500005	0.160002	
787	0.0500003	0.500005	0.160002	
788	0.0500003	0.500005	0.160002	
789	0.0500003	0.500005	0.160002	
790	0.0500003	0.500005	0.160002	
791	0.0500003	0.500005	0.160002	
792	0.0500003	0.500006	0.160002	
793	0.0500003	0.500006	0.160002	
794	0.0500003	0.500006	0.160002	
795	0.0500003	0.500006	0.160002	
796	0.0500003	0.500006	0.160002	
797	0.0500003	0.500006	0.160002	
798	0.0500003	0.500006	0.160002	
799	0.0500003	0.500006	0.160002	
800	0.0500004	0.500006	0.160002	
801	0.0500004	0.500006	0.160002	
802	0.0500004	0.500006	0.160002	
803	0.0500004	0.500006	0.160002	
804	0.0500004	0.500006	0.160002	
805	0.0500004	0.500006	0.160002	
806	0.0500004	0.500006	0.160002	
807	0.0500004	0.500006	0.160002	
808	0.0500004	0.500006	0.160002	
809	0.0500004	0.500006	0.160002	
810	0.0500004	0.500006	0.160002	
811	0.0500004	0.500006	0.160002	
812	0.0500004	0.500006	0.160002	
813	0.0500004	0.500006	0.160002	
814	0.0500004	0.500006	0.160002	
815	0.0500004	0.500006	0.160002	
816	0.0500004	0.500006	0.160002	
817	0.0500004	0.500006	0.160002	
818	0.0500004	0.500006	0.160002	
819	0.0500004	0.500006	0.160002	
820	0.0500004	0.500006	0.160002	
821	0.0500004	0.500007	0.160002	
822	0.0500004	0.500007	0.160002	
823	0.0500004	0.500007	0.160002	
824	0.0500004	0.500007	0.160002	
825	0.0500004	0.500007	0.160002	
826	0.0500004	0.500007	0.160002	
827	0.0500004	0.500007	0.160002	
828	0.0500004	0.500007	0.160002	
829	0.0500004	0.500007	0.160002	
830	0.0500004	0.500007	0.160002	
831	0.0500004	0.500007	0.160002	
832	0.0500004	0.500007	0.160002	
833	0.0500004	0.500007	0.160002	
834	0.0500004	0.500007	0.160002	
835	0.0500004	0.500007	0.160003	
836	0.0500004	0.500007	0.160003	
837	0.0500004	0.500007	0.160003	
838	0.0500004	0.500007	0.160003	
839	0.0500004	0.500007	0.160003	
840	0.0500004	0.500007	0.160003	
841	0.0500004	0.500007	0.160003	
842	0.0500004	0.500007	0.160003	
843	0.0500004	0.500007	0.160003	
844	0.0500004	0.500007	0.160003	
845	0.0500004	0.500007	0.160003	
846	0.0500004	0.500007	0.160003	
847	0.0500004	0.500007	0.160003	
848	0.0500004	0.500007	0.160003	
849	0.0500004	0.500007	0.160003	
850	0.0500004	0.500007	0.160003	
851	0.0500004	0.500007	0.160003	
852	0.0500004	0.500007	0.160003	
853	0.0500004	0.500007	0.160003	
854	0.0500004	0.500007	0.160003	
855	0.0500004	0.500007	0.160003	
856	0.0500004	0.500007	0.160003	
857	0.0500004	0.500007	0.160003	
858	0.0500004	0.500007	0.160003	
859	0.0500004	0.500008	0.160003	
860	0.0500004	0.500008	0.160003	
861	0.0500004	0.500008	0.160003	
862	0.0500004	0.500008	0.160003	
863	0.0500004	0.500008	0.160003	
864	0.0500005	0.500008	0.160003	
865	0.0500005	0.500008	0.160003	
866	0.0500005	0.500008	0.160003	
867	0.0500005	0.500008	0.160003	
868	0.0500005	0.500008	0.160003	
869	0.0500005	0.500008	0.160003	
870	0.0500005	0.500008	0.160003	
871	0.0500005	0.500008	0.160003	
872	0.0500005	0.500008	0.160003	
873	0.0500005	0.500008	0.160003	
874	0.0500005	0.500008	0.160003	
875	0.0500005	0.500008	0.160003	
876	0.0500005	0.500008	0.160003	
877	0.0500005	0.500008	0.160003	
878	0.0500005	0.500008	0.160003	
879	0.0500005	0.500008	0.160003	
880	0.0500005	0.500008	0.160003	
881	0.0500005	0.500008	0.160003	
882	0.0500005	0.500008	0.160003	
883	0.0500005	0.500008	0.160003	
884	0.0500005	0.500008	0.160003	
885	0.0500005	0.500008	0.160003	
886	0.0500005	0.500008	0.160003	
887	0.0500005	0.500008	0.160003	
888	0.0500005	0.500008	0.160003	
889	0.0500005	0.500008	0.160003	
890	0.0500005	0.500008	0.160003	
891	0.0500005	0.500008	0.160003	
892	0.0500005	0.500008	0.160003	
893	0.0500005	0.500008	0.160003	
894	0.0500005	0.500008	0.160003	
895	0.0500005	0.500008	0.160003	
896	0.0500005	0.500008	0.160003	
897	0.0500005	0.500008	0.160003	
898	0.0500005	0.500008	0.160003	
899	0.0500005	0.500008	0.160003	
900	0.0500005	0.500008	0.160003	
901	0.0500005	0.500008	0.160003	
902	0.0500005	0.500008	0.160003	
903	0.0500005	0.500008	0.160003	
904	0.0500005	0.500008	0.160003	
905	0.0500005	0.500008	0.160003	
906	0.0500005	0.500008	0.160003	
907	0.0500005	0.500008	0.160003	
908	0.0500005	0.500008	0.160003	
909	0.0500005	0.500008	0.160003	
910	0.0500005	0.500008	0.160003	
911	0.0500005	0.500008	0.160003	
912	0.0500005	0.500008	0.160003	
913	0.0500005	0.500008	0.160003	
914	0.0500005	0.500008	0.160003	
915	0.0500005	0.500008	0.160003	
916	0.0500005	0.500009	0.160003	
917	0.0500005	0.500009	0.160003	
918	0.0500005	0.500009	0.160003	
919	0.0500005	0.500009	0.160003	
920	0.0500005	0.500009	0.160003	
921	0.0500005	0.500009	0.160003	
922	0.0500005	0.500009	0.160003	
923	0.0500005	0.500009	0.160003	
924	0.0500005	0.500009	0.160003	
925	0.0500005	0.500009	0.160003	
926	0.0500005	0.500009	0.160003	
927	0.0500005	0.500009	0.160003	
928	0.0500005	0.500009	0.160003	
929	0.0500005	0.500009	0.160003	
930	0.0500005	0.500009	0.160003	
931	0.0500005	0.500009	0.160003	
932	0.0500005	0.500009	0.160003	
933	0.0500005	0.500009	0.160003	
934	0.0500005	0.500009	0.160003	
935	0.0500005	0.500009	0.160003	
936	0.0500005	0.500009	0.160003	
937	0.0500005	0.500009	0.160003	
938	0.0500005	0.500009	0.160003	
939	0.0500005	0.500009	0.160003	
940	0.0500005	0.500009	0.160003	
941	0.0500005	0.500009	0.160003	
942	0.0500005	0.500009	0.160003	
943	0.0500005	0.500009	0.160003	
944	0.0500005	0.500009	0.160003	
945	0.0500005	0.500009	0.160003	
946	0.0500005	0.500009	0.160003	
947	0.0500005	0.500009	0.160003	
948	0.0500005	0.500009	0.160003	
949	0.0500005	0.500009	0.160003	
950	0.0500005	0.500009	0.160003	
951	0.0500005	0.500009	0.160003	
952	0.0500005	0.500009	0.160003	
953	0.0500005	0.500009	0.160003	
954	0.0500005	0.500009	0.160003	
955	0.0500005	0.500009	0.160003	
956	0.0500005	0.500009	0.160003	
957	0.0500005	0.500009	0.160003	
958	0.0500005	0.500009	0.160003	
959	0.0500005	0.500009	0.160003	
960	0.0500005	0.500009	0.160003	
961	0.0500005	0.500009	0.160003	
962	0.0500005	0.500009	0.160003	
963	0.0500005	0.500009	0.160003	
964	0.0500005	0.500009	0.160003	
965	0.0500005	0.500009	0.160003	
966	0.0500005	0.500009	0.160003	
967	0.0500005	0.500009	0.160003	
968	0.0500005	0.500009	0.160003	
969	0.0500005	0.500009	0.160003	
970	0.0500005	0.500009	0.160003	
971	0.0500005	0.500009	0.160003	
972	0.0500005	0.500009	0.160003	
973	0.0500005	0.500009	0.160003	
974	0.0500005	0.500009	0.160003	
975	0.0500005	0.500009	0.160003	
976	0.0500005	0.500009	0.160003	
977	0.0500005	0.500009	0.160003	
978	0.0500005	0.500009	0.160003	
979	0.0500005	0.500009	0.160003	
980	0.0500005	0.500009	0.160003	
981	0.0500005	0.500009	0.160003	
982	0.0500005	0.500009	0.160003	
983	0.0500005	0.500009	0.160003	
984	0.0500005	0.500009	0.160003	
985	0.0500005	0.500009	0.160003	
986	0.0500005	0.500009	0.160003	
987	0.0500005	0.500009	0.160003	
988	0.0500005	0.500009	0.160003	
989	0.0500005	0.500009	0.160003	
990	0.0500005	0.500009	0.160003	
991	0.0500005	0.500009	0.160003	
992	0.0500005	0.500009	0.160003	
993	0.0500005	0.500009	0.160003	
994	0.0500005	0.500009	0.160003	
995	0.0500005	0.500009	0.160003	
996	0.0500005	0.500009	0.160003	
997	0.0500005	0.500009	0.160003	
998	0.0500005	0.500009	0.160003	
999	0.0500005	0.500009	0.160003	
1000	0.0500005	0.500009	0.160003	
1001	0.0500005	0.500009	0.160003	
1002	0.0500005	0.500009	0.160003	
1003	0.0500005	0.500009	0.160003	
1004	0.0500005	0.500009	0.160003	
1005	0.0500005	0.500009	0.160003	
1006	0.0500005	0.500009	0.160003	
1007	0.0500005	0.500009	0.160003	
1008	0.0500005	0.500009	0.160003	
1009	0.0500005	0.500009	0.160003	
1010	0.0500005	0.500009	0.160003	
1011	0.0500005	0.500009	0.160003	
1012	0.0500005	0.500009	0.160003	
1013	0.0500005	0.500009	0.160003	
1014	0.0500005	0.500009	0.160003	
1015	0.0500005	0.500009	0.160003	
1016	0.0500005	0.500009	0.160003	
1017	0.0500005	0.500009	0.160003	
1018	0.0500005	0.500009	0.160003	
1019	0.0500005	0.500009	0.160003	
1020	0.0500005	0.500009	0.160003	
1021	0.0500005	0.500009	0.160003	
1022	0.0500005	0.500009	0.160003	
1023	0.0500005	0.500009	0.160003	
1024	0.0500005	0.500009	0.160003	
1025	0.0500005	0.500009	0.160003	
1026	0.0500005	0.500009	0.160003	
1027	0.0500005	0.500009	0.160003	
1028	0.0500005	0.500009	0.160003	
1029	0.0500005	0.500009	0.160003	
1030	0.0500005	0.500009	0.160003	
1031	0.0500005	0.500009	0.160003	
1032	0.0500005	0.500009	0.160003	
1033	0.0500005	0.500009	0.160003	
1034	0.0500005	0.500009	0.160003	
1035	0.0500005	0.500009	0.160003	
1036	0.0500005	0.500009	0.160003	
1037	0.0500005	0.500009	0.160003	
1038	0.0500005	0.500009	0.160003	
1039	0.0500005	0.500009	0.160003	
1040	0.0500005	0.500009	0.160003	
1041	0.0500005	0.500009	0.160003	
1042	0.0500005	0.500009	0.160003	
1043	0.0500005	0.500009	0.160003	
1044	0.0500005	0.500009	0.160003	
1045	0.0500005	0.500009	0.160003	
1046	0.0500005	0.500009	0.160003	
1047	0.0500005	0.500009	0.160003	
1048	0.0500005	0.500009	0.160003	
1049	0.0500005	0.500009	0.160003	
1050	0.0500005	0.500009	0.160003	
1051	0.0500005	0.500009	0.160003	
1052	0.0500005	0.500009	0.160003	
1053	0.0500005	0.500009	0.160003	
1054	0.0500005	0.500009	0.160003	
1055	0.0500005	0.500009	0.160003	
1056	0.0500005	0.500009	0.160003	
1057	0.0500005	0.500009	0.160003	
1058	0.0500005	0.500009	0.160003	
1059	0.0500005	0.500009	0.160003	
1060	0.0500005	0.500009	0.160003	
1061	0.0500005	0.500009	0.160003	
1062	0.0500005	0.500009	0.160003	
1063	0.0500005	0.500009	0.160003	
1064	0.0500005	0.500009	0.160003	
1065	0.0500005	0.500009	0.160003	
1066	0.0500005	0.500009	0.160003	
1067	0.0500005	0.500009	0.160003	
1068	0.0500005	0.500009	0.160003	
1069	0.0500005	0.500009	0.160003	
1070	0.0500005	0.500009	0.160003	
1071	0.0500005	0.500009	0.160003	
1072	0.0500005	0.500009	0.160003	
1073	0.0500005	0.500009	0.160003	
1074	0.0500005	0.500009	0.160003	
1075	0.0500005	0.500009	0.160003	
1076	0.0500005	0.500009	0.160003	
1077	0.0500005	0.500009	0.160003	
1078	0.0500005	0.500009	0.160003	
1079	0.0500005	0.500009	0.160003	
1080	0.0500005	0.500009	0.160003	
1081	0.0500005	0.500009	0.160003	
1082	0.0500005	0.500009	0.160003	
1083	0.0500005	0.500009	0.160003	
1084	0.0500005	0.500009	0.160003	
1085	0.0500005	0.500009	0.160003	
1086	0.0500005	0.500009	0.160003	
1087	0.0500005	0.500009	0.160003	
1088	0.0500005	0.500009	0.160003	
1089	0.0500005	0.500009	0.160003	
1090	0.0500005	0.500009	0.160003	
1091	0.0500005	0.500009	0.160003	
1092	0.0500005	0.500009	0.160003	
1093	0.0500005	0.500009	0.160003	
1094	0.0500005	0.500009	0.160003	
1095	0.0500005	0.500009	0.160003	
1096	0.0500005	0.500009	0.160003	
1097	0.0500005	0.500009	0.160003	
1098	0.0500005	0.500009	0.160003	
1099	0.0500005	0.500009	0.160003	
1100	0.0500005	0.500009	0.160003	
1101	0.0500005	0.500009	0.160003	
1102	0.0500005	0.500009	0.160003	
1103	0.0500005	0.500009	0.160003	
1104	0.0500005	0.500009	0.160003	
1105	0.0500005	0.500009	0.160003	
1106	0.0500005	0.500009	0.160003	
1107	0.0500005	0.500009	0.160003	
1108	0.0500005	0.500009	0.160003	
1109	0.0500005	0.500009	0.160003	
1110	0.0500005	0.500009	0.160003	
1111	0.0500005	0.500009	0.160003	
1112	0.0500005	0.500009	0.160003	
1113	0.0500005	0.500009	0.160003	
1114	0.0500005	0.500009	0.160003	
1115	0.0500005	0.500009	0.160003	
1116	0.0500005	0.500009	0.160003	
1117	0.0500005	0.500009	0.160003	
1118	0.0500005	0.500009	0.160003	
1119	0.0500005	0.500009	0.160003	
1120	0.0500005	0.500009	0.160003	
1121	0.0500005	0.500009	0.160003	
1122	0.0500005	0.500009	0.160003	
1123	0.0500005	0.500009	0.160003	
1124	0.0500005	0.500009	0.160003	
1125	0.0500005	0.500009	0.160003	
1126	0.0500005	0.500009	0.160003	
1127	0.0500005	0.500009	0.160003	
1128	0.0500005	0.500009	0.160003	
1129	0.0500005	0.500009	0.160003	
1130	0.0500005	0.500009	0.160003	
1131	0.0500005	0.500009	0.160003	
1132	0.0500005	0.500009	0.160003	
1133	0.0500005	0.500009	0.160003	
1134	0.0500005	0.500009	0.160003	
1135	0.0500005	0.500009	0.160003	
1136	0.0500005	0.500009	0.160003	
1137	0.0500005	0.500009	0.160003	
1138	0.0500005	0.500009	0.160003	
1139	0.0500005	0.500009	0.160003	
1140	0.0500005	0.500009	0.160003	
1141	0.0500005	0.500009	0.160003	
1142	0.0500005	0.500009	0.160003	
1143	0.0500005	0.500009	0.160003	
1144	0.0500005	0.500009	0.160003	
1145	0.0500005	0.500009	0.160003	
1146	0.0500005	0.500009	0.160003	
1147	0.0500005	0.500009	0.160003	
1148	0.0500005	0.500009	0.160003	
1149	0.0500005	0.500009	0.160003	
1150	0.0500005	0.500009	0.160003	
1151	0.0500005	0.500009	0.160003	
1152	0.0500005	0.500009	0.160003	
1153	0.0500005	0.500009	0.160003	
1154	0.0500005	0.500009	0.160003	
1155	0.0500005	0.500009	0.160003	
1156	0.0500005	0.500009	0.160003	
1157	0.0500005	0.500009	0.160003	
1158	0.0500005	0.500009	0.160003	
1159	0.0500005	0.500009	0.160003	
1160	0.0500005	0.500009	0.160003	
1161	0.0500005	0.500009	0.160003	
1162	0.0500005	0.500009	0.160003	
1163	0.0500005	0.500009	0.160003	
1164	0.0500005	0.500009	0.160003	
1165	0.0500005	0.500009	0.160003	
1166	0.0500005	0.500009	0.160003	
1167	0.0500005	0.500009	0.160003	
1168	0.0500005	0.500009	0.160003	
1169	0.0500005	0.500009	0.160003	
1170	0.0500005	0.500009	0.160003	
1171	0.0500005	0.500009	0.160003	
1172	0.0500005	0.500009	0.160003	
1173	0.0500005	0.500009	0.160003	
1174	0.0500005	0.500009	0.160003	
1175	0.0500005	0.500009	0.160003	
1176	0.0500005	0.500009	0.160003	
1177	0.0500005	0.500009	0.160003	
1178	0.0500005	0.500009	0.160003	
1179	0.0500005	0.500009	0.160003	
1180	0.0500005	0.500009	0.160003	
1181	0.0500005	0.500009	0.160003	
1182	0.0500005	0.500009	0.160003	
1183	0.0500005	0.500009	0.160003	
1184	0.0500005	0.500009	0.160003	
1185	0.0500005	0.500009	0.160003	
1186	0.0500005	0.500009	0.160003	
1187	0.0500005	0.500009	0.160003	
1188	0.0500005	0.500009	0.160003	
1189	0.0500005	0.500009	0.160003	
1190	0.0500005	0.500009	0.160003	
1191	0.0500005	0.500009	0.160003	
1192	0.0500005	0.500009	0.160003	
1193	0.0500005	0.500009	0.160003	
1194	0.0500005	0.500009	0.160003	
1195	0.0500005	0.500009	0.160003	
1196	0.0500005	0.500009	0.160003	
1197	0.0500005	0.500009	0.160003	
1198	0.0500005	0.500009	0.160003	
1199	0.0500005	0.500009	0.160003	
1200	0.0500005	0.500009	0.160003	
1201	0.0500005	0.500009	0.160003	
1202	0.0500005	0.500009	0.160003	
1203	0.0500005	0.500009	0.160003	
1204	0.0500005	0.500009	0.160003	
1205	0.0500005	0.500009	0.160003	
1206	0.0500005	0.500009	0.160003	
1207	0.0500005	0.500009	0.160003	
1208	0.0500005	0.500009	0.160003	
1209	0.0500005	0.500009	0.160003	
1210	0.0500005	0.500009	0.160003	
1211	0.0500005	0.500009	0.160003	
1212	0.0500005	0.500009	0.160003	
1213	0.0500005	0.500009	0.160003	
1214	0.0500005	0.500009	0.160003	
1215	0.0500005	0.500009	0.160003	
1216	0.0500005	0.500009	0.160003	
1217	0.0500006	0.500009	0.160003	
1218	0.0500006	0.500009	0.160003	
1219	0.0500006	0.500009	0.160003	
1220	0.0500006	0.500009	0.160003	
1221	0.0500006	0.500009	0.160003	
1222	0.0500006	0.500009	0.160003	
1223	0.0500006	0.500009	0.160003	
1224	0.0500006	0.500009	0.160003	
1225	0.0500006	0.500009	0.160003	
1226	0.0500006	0.500009	0.160003	
1227	0.0500006	0.500009	0.160003	
1228	0.0500006	0.500009	0.160003	
1229	0.0500006	0.500009	0.160003	
1230	0.0500006	0.500009	0.160003	
1231	0.0500006	0.50001	0.160003	
1232	0.0500006	0.50001	0.160003	
1233	0.0500006	0.50001	0.160003	
1234	0.0500006	0.50001	0.160003	
1235	0.0500006	0.50001	0.160003	
1236	0.0500006	0.50001	0.160003	
1237	0.0500006	0.50001	0.160003	
1238	0.0500006	0.50001	0.160003	
1239	0.0500006	0.50001	0.160003	
1240	0.0500006	0.50001	0.160003	
1241	0.0500006	0.50001	0.160003	
1242	0.0500006	0.50001	0.160003	
1243	0.0500006	0.50001	0.160003	
1244	0.0500006	0.50001	0.160003	
1245	0.0500006	0.50001	0.160003	
1246	0.0500006	0.50001	0.160003	
1247	0.0500006	0.50001	0.160003	
1248	0.0500006	0.50001	0.160003	
1249	0.0500006	0.50001	0.160003	
1250	0.0500006	0.50001	0.160003	
1251	0.0500006	0.50001	0.160003	
1252	0.0500006	0.50001	0.160003	
1253	0.0500006	0.50001	0.160003	
1254	0.0500006	0.50001	0.160003	
1255	0.0500006	0.50001	0.160003	
1256	0.0500006	0.50001	0.160003	
1257	0.0500006	0.50001	0.160003	
1258	0.0500006	0.50001	0.160003	
1259	0.0500006	0.50001	0.160003	
1260	0.0500006	0.50001	0.160003	
1261	0.0500006	0.50001	0.160003	
1262	0.0500006	0.50001	0.160003	
1263	0.0500006	0.50001	0.160003	
1264	0.0500006	0.50001	0.160003	
1265	0.0500006	0.50001	0.160003	
1266	0.0500006	0.50001	0.160003	
1267	0.0500006	0.50001	0.160003	
1268	0.0500006	0.50001	0.160003	
1269	0.0500006	0.50001	0.160003	
1270	0.0500006	0.50001	0.160003	
1271	0.0500006	0.50001	0.160003	
1272	0.0500006	0.50001	0.160003	
1273	0.0500006	0.50001	0.160003	
1274	0.0500006	0.50001	0.160003	
1275	0.0500006	0.50001	0.160003	
1276	0.0500006	0.50001	0.160003	
1277	0.0500006	0.50001	0.160003	
1278	0.0500006	0.50001	0.160003	
1279	0.0500006	0.50001	0.160003	
1280	0.0500006	0.50001	0.160003	
1281	0.0500006	0.50001	0.160003	
1282	0.0500006	0.50001	0.160003	
1283	0.0500006	0.50001	0.160003	
1284	0.0500006	0.50001	0.160003	
1285	0.0500006	0.50001	0.160003	
1286	0.0500006	0.50001	0.160003	
1287	0.0500006	0.50001	0.160003	
1288	0.0500006	0.50001	0.160003	
1289	0.0500006	0.50001	0.160003	
1290	0.0500006	0.50001	0.160003	
1291	0.0500006	0.50001	0.160003	
1292	0.0500006	0.50001	0.160003	
1293	0.0500006	0.50001	0.160003	
1294	0.0500006	0.50001	0.160003	
1295	0.0500006	0.50001	0.160003	
1296	0.0500006	0.50001	0.160003	
1297	0.0500006	0.50001	0.160003	
1298	0.0500006	0.50001	0.160003	
1299	0.0500006	0.50001	0.160003	
1300	0.0500006	0.50001	0.160003	
1301	0.0500006	0.50001	0.160003	
1302	0.0500006	0.50001	0.160003	
1303	0.0500006	0.50001	0.160003	
1304	0.0500006	0.50001	0.160003	
1305	0.0500006	0.50001	0.160003	
1306	0.0500006	0.50001	0.160003	
1307	0.0500006	0.50001	0.160003	
1308	0.0500006	0.50001	0.160003	
1309	0.0500006	0.50001	0.160003	
1310	0.0500006	0.50001	0.160003	
1311	0.0500006	0.50001	0.160003	
1312	0.0500006	0.50001	0.160003	
1313	0.0500006	0.50001	0.160003	
1314	0.0500006	0.50001	0.160003	
1315	0.0500006	0.50001	0.160003	
1316	0.0500006	0.50001	0.160003	
1317	0.0500006	0.50001	0.160003	
1318	0.0500006	0.50001	0.160003	
1319	0.0500006	0.50001	0.160003	
1320	0.0500006	0.50001	0.160003	
1321	0.0500006	0.50001	0.160003	
1322	0.0500006	0.50001	0.160003	
1323	0.0500006	0.50001	0.160003	
1324	0.0500006	0.50001	0.160003	
1325	0.0500006	0.50001	0.160003	
1326	0.0500006	0.50001	0.160003	
1327	0.0500006	0.50001	0.160003	
1328	0.0500006	0.50001	0.160003	
1329	0.0500006	0.50001	0.160003	
1330	0.0500006	0.50001	0.160003	
1331	0.0500006	0.50001	0.160003	
1332	0.0500006	0.50001	0.160003	
1333	0.0500006	0.50001	0.160003	
1334	0.0500006	0.50001	0.160003	
1335	0.0500006	0.50001	0.160003	
1336	0.0500006	0.50001	0.160003	
1337	0.0500006	0.50001	0.160003	
1338	0.0500006	0.50001	0.160003	
1339	0.0500006	0.50001	0.160003	
1340	0.0500006	0.50001	0.160003	
1341	0.0500006	0.50001	0.160003	
1342	0.0500006	0.50001	0.160003	
1343	0.0500006	0.50001	0.160003	
1344	0.0500006	0.50001	0.160003	
1345	0.0500006	0.50001	0.160003	
1346	0.0500006	0.50001	0.160003	
1347	0.0500006	0.50001	0.160003	
1348	0.0500006	0.50001	0.160003	
1349	0.0500006	0.50001	0.160003	
1350	0.0500006	0.50001	0.160003	
1351	0.0500006	0.50001	0.160003	
1352	0.0500006	0.50001	0.160003	
1353	0.0500006	0.50001	0.160003	
1354	0.0500006	0.50001	0.160003	
1355	0.0500006	0.50001	0.160003	
1356	0.0500006	0.50001	0.160003	
1357	0.0500006	0.50001	0.160003	
1358	0.0500006	0.50001	0.160003	
1359	0.0500006	0.50001	0.160003	
1360	0.0500006	0.50001	0.160003	
1361	0.0500006	0.50001	0.160003	
1362	0.0500006	0.50001	0.160003	
1363	0.0500006	0.50001	0.160003	
1364	0.0500006	0.50001	0.160003	
1365	0.0500006	0.50001	0.160003	
1366	0.0500006	0.50001	0.160003	
1367	0.0500006	0.50001	0.160003	
1368	0.0500006	0.50001	0.160003	
1369	0.0500006	0.50001	0.160003	
1370	0.0500006	0.50001	0.160003	
1371	0.0500006	0.50001	0.160003	
1372	0.0500006	0.50001	0.160003	
1373	0.0500006	0.50001	0.160003	
1374	0.0500006	0.50001	0.160003	
1375	0.0500006	0.50001	0.160003	
1376	0.0500006	0.50001	0.160003	
1377	0.0500006	0.50001	0.160003	
1378	0.0500006	0.50001	0.160003	
1379	0.0500006	0.50001	0.160003	
1380	0.0500006	0.50001	0.160003	
1381	0.0500006	0.50001	0.160003	
1382	0.0500006	0.50001	0.160003	
1383	0.0500006	0.50001	0.160003	
1384	0.0500006	0.50001	0.160003	
1385	0.0500006	0.50001	0.160003	
1386	0.0500006	0.50001	0.160003	
1387	0.0500006	0.50001	0.160003	
1388	0.0500006	0.50001	0.160003	
1389	0.0500006	0.50001	0.160003	
1390	0.0500006	0.50001	0.160003	
1391	0.0500006	0.50001	0.160003	
1392	0.0500006	0.50001	0.160003	
1393	0.0500006	0.50001	0.160003	
1394	0.0500006	0.50001	0.160003	
1395	0.0500006	0.50001	0.160003	
1396	0.0500006	0.50001	0.160003	
1397	0.0500006	0.50001	0.160003	
1398	0.0500006	0.50001	0.160003	
1399	0.0500006	0.50001	0.160003	
1400	0.0500006	0.50001	0.160003	
1401	0.0500006	0.50001	0.160003	
1402	0.0500006	0.50001	0.160003	
1403	0.0500006	0.50001	0.160003	
1404	0.0500006	0.50001	0.160003	
1405	0.0500006	0.50001	0.160003	
1406	0.0500006	0.50001	0.160003	
1407	0.0500006	0.50001	0.160003	
1408	0.0500006	0.50001	0.160003	
1409	0.0500006	0.50001	0.160003	
1410	0.0500006	0.50001	0.160003	
1411	0.0500006	0.50001	0.160003	
1412	0.0500006	0.50001	0.160003	
1413	0.0500006	0.50001	0.160003	
1414	0.0500006	0.50001	0.160003	
1415	0.0500006	0.50001	0.160003	
1416	0.0500006	0.50001	0.160003	
1417	0.0500006	0.50001	0.160003	
1418	0.0500006	0.50001	0.160003	
1419	0.0500006	0.50001	0.160003	
1420	0.0500006	0.50001	0.160003	
1421	0.0500006	0.50001	0.160003	
1422	0.0500006	0.50001	0.160003	
1423	0.0500006	0.50001	0.160003	
1424	0.0500006	0.50001	0.160003	
1425	0.0500006	0.50001	0.160003	
1426	0.0500006	0.50001	0.160003	
1427	0.0500006	0.50001	0.160003	
1428	0.0500006	0.50001	0.160003	
1429	0.0500006	0.50001	0.160003	
1430	0.0500006	0.50001	0.160003	
1431	0.0500006	0.50001	0.160003	
1432	0.0500006	0.50001	0.160003	
1433	0.0500006	0.50001	0.160003	
1434	0.0500006	0.50001	0.160003	
1435	0.0500006	0.50001	0.160003	
1436	0.0500006	0.50001	0.160003	
1437	0.0500006	0.50001	0.160003	
1438	0.0500006	0.50001	0.160003	
1439	0.0500006	0.50001	0.160003	
1440	0.0500006	0.50001	0.160003	
1441	0.0500006	0.50001	0.160003	
1442	0.0500006	0.50001	0.160003	
1443	0.0500006	0.50001	0.160003	
1444	0.0500006	0.50001	0.160003	
1445	0.0500006	0.50001	0.160003	
1446	0.0500006	0.50001	0.160003	
1447	0.0500006	0.50001	0.160003	
1448	0.0500006	0.50001	0.160003	
1449	0.0500006	0.50001	0.160003	
1450	0.0500006	0.50001	0.160003	
1451	0.0500006	0.50001	0.160003	
1452	0.0500006	0.50001	0.160003	
1453	0.0500006	0.50001	0.160003	
1454	0.0500006	0.50001	0.160003	
1455	0.0500006	0.50001	0.160003	
1456	0.0500006	0.50001	0.160003	
1457	0.0500006	0.50001	0.160003	
1458	0.0500006	0.50001	0.160003	
1459	0.0500006	0.50001	0.160003	
1460	0.0500006	0.50001	0.160003	
1461	0.0500006	0.50001	0.160003	
1462	0.0500006	0.50001	0.160003	
1463	0.0500006	0.50001	0.160003	
1464	0.0500006	0.50001	0.160003	
1465	0.0500006	0.50001	0.160003	
1466	0.0500006	0.50001	0.160003	
1467	0.0500006	0.50001	0.160003	
1468	0.0500006	0.50001	0.160003	
1469	0.0500006	0.50001	0.160003	
1470	0.0500006	0.50001	0.160003	
1471	0.0500006	0.50001	0.160003	
1472	0.0500006	0.50001	0.160003	
1473	0.0500006	0.50001	0.160003	
1474	0.0500006	0.50001	0.160003	
1475	0.0500006	0.50001	0.160003	
1476	0.0500006	0.50001	0.160003	
1477	0.0500006	0.50001	0.160003	
1478	0.0500006	0.50001	0.160003	
1479	0.0500006	0.50001	0.160003	
1480	0.0500006	0.50001	0.160003	
1481	0.0500006	0.50001	0.160003	
1482	0.0500006	0.50001	0.160003	
1483	0.0500006	0.50001	0.160003	
1484	0.0500006	0.50001	0.160003	
1485	0.0500006	0.50001	0.160003	
1486	0.0500006	0.50001	0.160003	
1487	0.0500006	0.50001	0.160003	
1488	0.0500006	0.50001	0.160003	
1489	0.0500006	0.50001	0.160003	
1490	0.0500006	0.50001	0.160003	
1491	0.0500006	0.50001	0.160003	
1492	0.0500006	0.50001	0.160003	
1493	0.0500006	0.50001	0.160003	
1494	0.0500006	0.50001	0.160003	
1495	0.0500006	0.50001	0.160003	
1496	0.0500006	0.50001	0.160003	
1497	0.0500006	0.50001	0.160003	
1498	0.0500006	0.50001	0.160003	
1499	0.0500006	0.50001	0.160003	
1500	0.0500006	0.50001	0.160003	
1501	0.0500006	0.50001	0.160003	
1502	0.0500006	0.50001	0.160003	
1503	0.0500006	0.50001	0.160003	
1504	0.0500006	0.50001	0.160003	
1505	0.0500006	0.50001	0.160003	
1506	0.0500006	0.50001	0.160003	
1507	0.0500006	0.50001	0.160003	
1508	0.0500006	0.50001	0.160003	
1509	0.0500006	0.50001	0.160003	
1510	0.0500006	0.50001	0.160003	
1511	0.0500006	0.50001	0.160003	
1512	0.0500006	0.50001	0.160003	
1513	0.0500006	0.50001	0.160003	
1514	0.0500006	0.50001	0.160003	
1515	0.0500006	0.50001	0.160003	
1516	0.0500006	0.50001	0.160003	
1517	0.0500006	0.50001	0.160003	
1518	0.0500006	0.50001	0.160003	
1519	0.0500006	0.50001	0.160003	
1520	0.0500006	0.50001	0.160003	
1521	0.0500006	0.50001	0.160003	
1522	0.0500006	0.50001	0.160003	
1523	0.0500006	0.50001	0.160003	
1524	0.0500006	0.50001	0.160003	
1525	0.0500006	0.50001	0.160003	
1526	0.0500006	0.50001	0.160003	
1527	0.0500006	0.50001	0.160003	
1528	0.0500006	0.50001	0.160003	
1529	0.0500006	0.50001	0.160003	
1530	0.0500006	0.50001	0.160003	
1531	0.0500006	0.50001	0.160003	
1532	0.0500006	0.50001	0.160003	
1533	0.0500006	0.50001	0.160003	
1534	0.0500006	0.50001	0.160003	
1535	0.0500006	0.50001	0.160003	
1536	0.0500006	0.50001	0.160003	
1537	0.0500006	0.50001	0.160003	
1538	0.0500006	0.50001	0.160003	
1539	0.0500006	0.50001	0.160003	
1540	0.0500006	0.50001	0.160003	
1541	0.0500006	0.50001	0.160003	
1542	0.0500006	0.50001	0.160003	
1543	0.0500006	0.50001	0.160003	
1544	0.0500006	0.50001	0.160003	
1545	0.0500006	0.50001	0.160003	
1546	0.0500006	0.50001	0.160003	
1547	0.0500006	0.50001	0.160003	
1548	0.0500006	0.50001	0.160003	
1549	0.0500006	0.50001	0.160003	
1550	0.0500006	0.50001	0.160003	
1551	0.0500006	0.50001	0.160003	
1552	0.0500006	0.50001	0.160003	
1553	0.0500006	0.50001	0.160003	
1554	0.0500006	0.50001	0.160003	
1555	0.0500006	0.50001	0.160003	
1556	0.0500006	0.50001	0.160003	
1557	0.0500006	0.50001	0.160003	
1558	0.0500006	0.50001	0.160003	
1559	0.0500006	0.50001	0.160003	
1560	0.0500006	0.50001	0.160003	
1561	0.0500006	0.50001	0.160003	
1562	0.0500006	0.50001	0.160003	
1563	0.0500006	0.50001	0.160003	
1564	0.0500006	0.50001	0.160003	
1565	0.0500006	0.50001	0.160003	
1566	0.0500006	0.50001	0.160003	
1567	0.0500006	0.50001	0.160003	
1568	0.0500006	0.50001	0.160003	
1569	0.0500006	0.50001	0.160003	
1570	0.0500006	0.50001	0.160003	
1571	0.0500006	0.50001	0.160003	
1572	0.0500006	0.50001	0.160003	
1573	0.0500006	0.50001	0.160003	
1574	0.0500006	0.50001	0.160003	
1575	0.0500006	0.50001	0.160003	
1576	0.0500006	0.50001	0.160003	
1577	0.0500006	0.50001	0.160003	
1578	0.0500006	0.50001	0.160003	
1579	0.0500006	0.50001	0.160003	
1580	0.0500006	0.50001	0.160003	
1581	0.0500006	0.50001	0.160003	
1582	0.0500006	0.50001	0.160003	
1583	0.0500006	0.50001	0.160003	
1584	0.0500006	0.50001	0.160003	
1585	0.0500006	0.50001	0.160003	
1586	0.0500006	0.50001	0.160003	
1587	0.0500006	0.50001	0.160003	
1588	0.0500006	0.50001	0.160003	
1589	0.0500006	0.50001	0.160003	
1590	0.0500006	0.50001	0.160003	
1591	0.0500006	0.50001	0.160003	
1592	0.0500006	0.50001	0.160003	
1593	0.0500006	0.50001	0.160003	
1594	0.0500006	0.50001	0.160003	
1595	0.0500006	0.50001	0.160003	
1596	0.0500006	0.50001	0.160003	
1597	0.0500006	0.50001	0.160003	
1598	0.0500006	0.50001	0.160003	
1599	0.0500006	0.50001	0.160003	
1600	0.0500006	0.50001	0.160003	
1601	0.0500006	0.50001	0.160003	
1602	0.0500006	0.50001	0.160003	
1603	0.0500006	0.50001	0.160003	
1604	0.0500006	0.50001	0.160003	
1605	0.0500006	0.50001	0.160003	
1606	0.0500006	0.50001	0.160003	
1607	0.0500006	0.50001	0.160003	
1608	0.0500006	0.50001	0.160003	
1609	0.0500006	0.50001	0.160003	
1610	0.0500006	0.50001	0.160003	
1611	0.0500006	0.50001	0.160003	
1612	0.0500006	0.50001	0.160003	
1613	0.0500006	0.50001	0.160003	
1614	0.0500006	0.50001	0.160003	
1615	0.0500006	0.50001	0.160003	
1616	0.0500006	0.50001	0.160003	
1617	0.0500006	0.50001	0.160003	
1618	0.0500006	0.50001	0.160003	
1619	0.0500006	0.50001	0.160003	
1620	0.0500006	0.50001	0.160003	
1621	0.0500006	0.50001	0.160003	
1622	0.0500006	0.50001	0.160003	
1623	0.0500006	0.50001	0.160003	
1624	0.0500006	0.50001	0.160003	
1625	0.0500006	0.50001	0.160003	
1626	0.0500006	0.50001	0.160003	
1627	0.0500006	0.50001	0.160003	
1628	0.0500006	0.50001	0.160003	
1629	0.0500006	0.50001	0.160003	
1630	0.0500006	0.50001	0.160003	
1631	0.0500006	0.50001	0.160003	
1632	0.0500006	0.50001	0.160003	
1633	0.0500006	0.50001	0.160003	
1634	0.0500006	0.50001	0.160003	
1635	0.0500006	0.50001	0.160003	
1636	0.0500006	0.50001	0.160003	
1637	0.0500006	0.50001	0.160003	
1638	0.0500006	0.50001	0.160003	
1639	0.0500006	0.50001	0.160003	
1640	0.0500006	0.50001	0.160003	
1641	0.0500006	0.50001	0.160003	
1642	0.0500006	0.50001	0.160003	
1643	0.0500006	0.50001	0.160003	
1644	0.0500006	0.50001	0.160003	
1645	0.0500006	0.50001	0.160003	
1646	0.0500006	0.50001	0.160003	
1647	0.0500006	0.50001	0.160003	
1648	0.0500006	0.50001	0.160003	
1649	0.0500006	0.50001	0.160003	
1650	0.0500006	0.50001	0.160003	
1651	0.0500006	0.50001	0.160003	
1652	0.0500006	0.50001	0.160003	
1653	0.0500006	0.50001	0.160003	
1654	0.0500006	0.50001	0.160003	
1655	0.0500006	0.50001	0.160003	
1656	0.0500006	0.50001	0.160003	
1657	0.0500006	0.50001	0.160003	
1658	0.0500006	0.50001	0.160003	
1659	0.0500006	0.50001	0.160003	
1660	0.0500006	0.50001	0.160003	
1661	0.0500006	0.50001	0.160003	
1662	0.0500006	0.50001	0.160003	
1663	0.0500006	0.50001	0.160003	
1664	0.0500006	0.50001	0.160003	
1665	0.0500006	0.50001	0.160003	
1666	0.0500006	0.50001	0.160003	
1667	0.0500006	0.50001	0.160003	
1668	0.0500006	0.50001	0.160003	
1669	0.0500006	0.50001	0.160003	
1670	0.0500006	0.50001	0.160003	
1671	0.0500006	0.50001	0.160003	
1672	0.0500006	0.50001	0.160003	
1673	0.0500006	0.50001	0.160003	
1674	0.0500006	0.50001	0.160003	
1675	0.0500006	0.50001	0.160003	
1676	0.0500006	0.50001	0.160003	
1677	0.0500006	0.50001	0.160003	
1678	0.0500006	0.50001	0.160003	
1679	0.0500006	0.50001	0.160003	
1680	0.0500006	0.50001	0.160003	
1681	0.0500006	0.50001	0.160003	
1682	0.0500006	0.50001	0.160003	
1683	0.0500006	0.50001	0.160003	
1684	0.0500006	0.50001	0.160003	
1685	0.0500006	0.50001	0.160003	
1686	0.0500006	0.50001	0.160003	
1687	0.0500006	0.50001	0.160003	
1688	0.0500006	0.50001	0.160003	
1689	0.0500006	0.50001	0.160003	
1690	0.0500006	0.50001	0.160003	
1691	0.0500006	0.50001	0.160003	
1692	0.0500006	0.50001	0.160003	
1693	0.0500006	0.50001	0.160003	
1694	0.0500006	0.50001	0.160003	
1695	0.0500006	0.50001	0.160003	
1696	0.0500006	0.50001	0.160003	
1697	0.0500006	0.50001	0.160003	
1698	0.0500006	0.50001	0.160003	
1699	0.0500006	0.50001	0.160003	
1700	0.0500006	0.50001	0.160003	
1701	0.0500006	0.50001	0.160003	
1702	0.0500006	0.50001	0.160003	
1703	0.0500006	0.50001	0.160003	
1704	0.0500006	0.50001	0.160003	
1705	0.0500006	0.50001	0.160003	
1706	0.0500006	0.50001	0.160003	
1707	0.0500006	0.50001	0.160003	
1708	0.0500006	0.50001	0.160003	
1709	0.0500006	0.50001	0.160003	
1710	0.0500006	0.50001	0.160003	
1711	0.0500006	0.50001	0.160003	
1712	0.0500006	0.50001	0.160003	
1713	0.0500006	0.50001	0.160003	
1714	0.0500006	0.50001	0.160003	
1715	0.0500006	0.50001	0.160003	
1716	0.0500006	0.50001	0.160003	
1717	0.0500006	0.50001	0.160003	
1718	0.0500006	0.50001	0.160003	
1719	0.0500006	0.50001	0.160003	
1720	0.0500006	0.50001	0.160003	
1721	0.0500006	0.50001	0.160003	
1722	0.0500006	0.50001	0.160003	
1723	0.0500006	0.50001	0.160003	
1724	0.0500006	0.50001	0.160003	
1725	0.0500006	0.50001	0.160003	
1726	0.0500006	0.50001	0.160003	
1727	0.0500006	0.50001	0.160003	
1728	0.0500006	0.50001	0.160003	
1729	0.0500006	0.50001	0.160003	
1730	0.0500006	0.50001	0.160003	
1731	0.0500006	0.50001	0.160003	
1732	0.0500006	0.50001	0.160003	
1733	0.0500006	0.50001	0.160003	
1734	0.0500006	0.50001	0.160003	
1735	0.0500006	0.50001	0.160003	
1736	0.0500006	0.50001	0.160003	
1737	0.0500006	0.50001	0.160003	
1738	0.0500006	0.50001	0.160003	
1739	0.0500006	0.50001	0.160003	
1740	0.0500006	0.50001	0.160003	
1741	0.0500006	0.50001	0.160003	
1742	0.0500006	0.50001	0.160003	
1743	0.0500006	0.50001	0.160003	
1744	0.0500006	0.50001	0.160003	
1745	0.0500006	0.50001	0.160003	
1746	0.0500006	0.50001	0.160003	
1747	0.0500006	0.50001	0.160003	
1748	0.0500006	0.50001	0.160003	
1749	0.0500006	0.50001	0.160003	
1750	0.0500006	0.50001	0.160003	
1751	0.0500006	0.50001	0.160003	
1752	0.0500006	0.50001	0.160003	
1753	0.0500006	0.50001	0.160003	
1754	0.0500006	0.50001	0.160003	
1755	0.0500006	0.50001	0.160003	
1756	0.0500006	0.50001	0.160003	
1757	0.0500006	0.50001	0.160003	
1758	0.0500006	0.50001	0.160003	
1759	0.0500006	0.50001	0.160003	
1760	0.0500006	0.50001	0.160003	
1761	0.0500006	0.50001	0.160003	
1762	0.0500006	0.50001	0.160003	
1763	0.0500006	0.50001	0.160003	
1764	0.0500006	0.50001	0.160003	
1765	0.0500006	0.50001	0.160003	
1766	0.0500006	0.50001	0.160003	
1767	0.0500006	0.50001	0.160003	
1768	0.0500006	0.50001	0.160003	
1769	0.0500006	0.50001	0.160003	
1770	0.0500006	0.50001	0.160003	
1771	0.0500006	0.50001	0.160003	
1772	0.0500006	0.50001	0.160003	
1773	0.0500006	0.50001	0.160003	
1774	0.0500006	0.50001	0.160003	
1775	0.0500006	0.50001	0.160003	
1776	0.0500006	0.50001	0.160003	
1777	0.0500006	0.50001	0.160003	
1778	0.0500006	0.50001	0.160003	
1779	0.0500006	0.50001	0.160003	
1780	0.0500006	0.50001	0.160003	
1781	0.0500006	0.50001	0.160003	
1782	0.0500006	0.50001	0.160003	
1783	0.0500006	0.50001	0.160003	
1784	0.0500006	0.50001	0.160003	
1785	0.0500006	0.50001	0.160003	
1786	0.0500006	0.50001	0.160003	
1787	0.0500006	0.50001	0.160003	
1788	0.0500006	0.50001	0.160003	
1789	0.0500006	0.50001	0.160003	
1790	0.0500006	0.50001	0.160003	
1791	0.0500006	0.50001	0.160003	
1792	0.0500006	0.50001	0.160003	
1793	0.0500006	0.50001	0.160003	
1794	0.0500006	0.50001	0.160003	
1795	0.0500006	0.50001	0.160003	
1796	0.0500006	0.50001	0.160003	
1797	0.0500006	0.50001	0.160003	
1798	0.0500006	0.50001	0.160003	
1799	0.0500006	0.50001	0.160003	
1800	0.0500006	0.50001	0.160003	
1801	0.0500006	0.50001	0.160003	
1802	0.0500006	0.50001	0.160003	
1803	0.0500006	0.50001	0.160003	
1804	0.0500006	0.50001	0.160003	
1805	0.0500006	0.50001	0.160003	
1806	0.0500006	0.50001	0.160003	
1807	0.0500006	0.50001	0.160003	
1808	0.0500006	0.50001	0.160003	
1809	0.0500006	0.50001	0.160003	
1810	0.0500006	0.50001	0.160003	
1811	0.0500006	0.50001	0.160003	
1812	0.0500006	0.50001	0.160003	
1813	0.0500006	0.50001	0.160003	
1814	0.0500006	0.50001	0.160003	
1815	0.0500006	0.50001	0.160003	
1816	0.0500006	0.50001	0.160003	
1817	0.0500006	0.50001	0.160003	
1818	0.0500006	0.50001	0.160003	
1819	0.0500006	0.50001	0.160003	
1820	0.0500006	0.50001	0.160003	
1821	0.0500006	0.50001	0.160003	
1822	0.0500006	0.50001	0.160003	
1823	0.0500006	0.50001	0.160003	
1824	0.0500006	0.50001	0.160003	
1825	0.0500006	0.50001	0.160003	
1826	0.0500006	0.50001	0.160003	
1827	0.0500006	0.50001	0.160003	
1828	0.0500006	0.50001	0.160003	
1829	0.0500006	0.50001	0.160003	
1830	0.0500006	0.50001	0.160003	
1831	0.0500006	0.50001	0.160003	
1832	0.0500006	0.50001	0.160003	
1833	0.0500006	0.50001	0.160003	
1834	0.0500006	0.50001	0.160003	
1835	0.0500006	0.50001	0.160003	
1836	0.0500006	0.50001	0.160003	
1837	0.0500006	0.50001	0.160003	
1838	0.0500006	0.50001	0.160003	
1839	0.0500006	0.50001	0.160003	
1840	0.0500006	0.50001	0.160003	
1841	0.0500006	0.50001	0.160003	
1842	0.0500006	0.50001	0.160003	
1843	0.0500006	0.50001	0.160003	
1844	0.0500006	0.50001	0.160003	
1845	0.0500006	0.50001	0.160003	
1846	0.0500006	0.50001	0.160003	
1847	0.0500006	0.50001	0.160003	
1848	0.0500006	0.50001	0.160003	
1849	0.0500006	0.50001	0.160003	
1850	0.0500006	0.50001	0.160003	
1851	0.0500006	0.50001	0.160003	
1852	0.0500006	0.50001	0.160003	
1853	0.0500006	0.50001	0.160003	
1854	0.0500006	0.50001	0.160003	
1855	0.0500006	0.50001	0.160003	
1856	0.0500006	0.50001	0.160003	
1857	0.0500006	0.50001	0.160003	
1858	0.0500006	0.50001	0.160003	
1859	0.0500006	0.50001	0.160003	
1860	0.0500006	0.50001	0.160003	
1861	0.0500006	0.50001	0.160003	
1862	0.0500006	0.50001	0.160003	
1863	0.0500006	0.50001	0.160003	
1864	0.0500006	0.50001	0.160003	
1865	0.0500006	0.50001	0.160003	
1866	0.0500006	0.50001	0.160003	
1867	0.0500006	0.50001	0.160003	
1868	0.0500006	0.50001	0.160003	
1869	0.0500006	0.50001	0.160003	
1870	0.0500006	0.50001	0.160003	
1871	0.0500006	0.50001	0.160003	
1872	0.0500006	0.50001	0.160003	
1873	0.0500006	0.50001	0.160003	
1874	0.0500006	0.50001	0.160003	
1875	0.0500006	0.50001	0.160003	
1876	0.0500006	0.50001	0.160003	
1877	0.0500006	0.50001	0.160003	
1878	0.0500006	0.50001	0.160003	
1879	0.0500006	0.50001	0.160003	
1880	0.0500006	0.50001	0.160003	
1881	0.0500006	0.50001	0.160003	
1882	0.0500006	0.50001	0.160003	
1883	0.0500006	0.50001	0.160003	
1884	0.0500006	0.50001	0.160003	
1885	0.0500006	0.50001	0.160003	
1886	0.0500006	0.50001	0.160003	
1887	0.0500006	0.50001	0.160003	
1888	0.0500006	0.50001	0.160003	
1889	0.0500006	0.50001	0.160003	
1890	0.0500006	0.50001	0.160003	
1891	0.0500006	0.50001	0.160003	
1892	0.0500006	0.50001	0.160003	
1893	0.0500006	0.50001	0.160003	
1894	0.0500006	0.50001	0.160003	
1895	0.0500006	0.50001	0.160003	
1896	0.0500006	0.50001	0.160003	
1897	0.0500006	0.50001	0.160003	
1898	0.0500006	0.50001	0.160003	
1899	0.0500006	0.50001	0.160003	
1900	0.0500006	0.50001	0.160003	
1901	0.0500006	0.50001	0.160003	
1902	0.0500006	0.50001	0.160003	
1903	0.0500006	0.50001	0.160003	
1904	0.0500006	0.50001	0.160003	
1905	0.0500006	0.50001	0.160003	
1906	0.0500006	0.50001	0.160003	
1907	0.0500006	0.50001	0.160003	
1908	0.0500006	0.50001	0.160003	
1909	0.0500006	0.50001	0.160003	
1910	0.0500006	0.50001	0.160003	
1911	0.0500006	0.50001	0.160003	
1912	0.0500006	0.50001	0.160003	
1913	0.0500006	0.50001	0.160003	
1914	0.0500006	0.50001	0.160003	
1915	0.0500006	0.50001	0.160003	
1916	0.0500006	0.50001	0.160003	
1917	0.0500006	0.50001	0.160003	
1918	0.0500006	0.50001	0.160003	
1919	0.0500006	0.50001	0.160003	
1920	0.0500006	0.50001	0.160003	
1921	0.0500006	0.50001	0.160003	
1922	0.0500006	0.50001	0.160003	
1923	0.0500006	0.50001	0.160003	
1924	0.0500006	0.50001	0.160003	
1925	0.0500006	0.50001	0.160003	
1926	0.0500006	0.50001	0.160003	
1927	0.0500006	0.50001	0.160003	
1928	0.0500006	0.50001	0.160003	
1929	0.0500006	0.50001	0.160003	
1930	0.0500006	0.50001	0.160003	
1931	0.0500006	0.50001	0.160003	
1932	0.0500006	0.50001	0.160003	
1933	0.0500006	0.50001	0.160003	
1934	0.0500006	0.50001	0.160003	
1935	0.0500006	0.50001	0.160003	
1936	0.0500006	0.50001	0.160003	
1937	0.0500006	0.50001	0.160003	
1938	0.0500006	0.50001	0.160003	
1939	0.0500006	0.50001	0.160003	
1940	0.0500006	0.50001	0.160003	
1941	0.0500006	0.50001	0.160003	
1942	0.0500006	0.50001	0.160003	
1943	0.0500006	0.50001	0.160003	
1944	0.0500006	0.50001	0.160003	
1945	0.0500006	0.50001	0.160003	
1946	0.0500006	0.50001	0.160003	
1947	0.0500006	0.50001	0.160003	
1948	0.0500006	0.50001	0.160003	
1949	0.0500006	0.50001	0.160003	
1950	0.0500006	0.50001	0.160003	
1951	0.0500006	0.50001	0.160003	
1952	0.0500006	0.50001	0.160003	
1953	0.0500006	0.50001	0.160003	
1954	0.0500006	0.50001	0.160003	
1955	0.0500006	0.50001	0.160003	
1956	0.0500006	0.50001	0.160003	
1957	0.0500006	0.50001	0.160003	
1958	0.0500006	0.50001	0.160003	
1959	0.0500006	0.50001	0.160003	
1960	0.0500006	0.50001	0.160003	
1961	0.0500006	0.50001	0.160003	
1962	0.0500006	0.50001	0.160003	
1963	0.0500006	0.50001	0.160003	
1964	0.0500006	0.50001	0.160003	
1965	0.0500006	0.50001	0.160003	
1966	0.0500006	0.50001	0.160003	
1967	0.0500006	0.50001	0.160003	
1968	0.0500006	0.50001	0.160003	
1969	0.0500006	0.50001	0.160003	
1970	0.0500006	0.50001	0.160003	
1971	0.0500006	0.50001	0.160003	
1972	0.0500006	0.50001	0.160003	
1973	0.0500006	0.50001	0.160003	
1974	0.0500006	0.50001	0.160003	
1975	0.0500006	0.50001	0.160003	
1976	0.0500006	0.50001	0.160003	
1977	0.0500006	0.50001	0.160003	
1978	0.0500006	0.50001	0.160003	
1979	0.0500006	0.50001	0.160003	
1980	0.0500006	0.50001	0.160003	
1981	0.0500006	0.50001	0.160003	
1982	0.0500006	0.50001	0.160003	
1983	0.0500006	0.50001	0.160003	
1984	0.0500006	0.50001	0.160003	
1985	0.0500006	0.50001	0.160003	
1986	0.0500006	0.50001	0.160003	
1987	0.0500006	0.50001	0.160003	
1988	0.0500006	0.50001	0.160003	
1989	0.0500006	0.50001	0.160003	
1990	0.0500006	0.50001	0.160003	
1991	0.0500006	0.50001	0.160003	
1992	0.0500006	0.50001	0.160003	
1993	0.0500006	0.50001	0.160003	
1994	0.0500006	0.50001	0.160003	
1995	0.0500006	0.50001	0.160003	
1996	0.0500006	0.50001	0.160003	
1997	0.0500006	0.50001	0.160003	
1998	0.0500006	0.50001	0.160003	
1999	0.0500006	0.50001	0.160003	
2000	0.0500006	0.50001	0.160003	
